9.411722534655273531e-01 -1.263031667770335043e+00 3.080718633643695324e-03 -4.329903613045362615e-02 1.334351219417282200e-02 5.898084867974377754e-03 9.360808621436808585e-02
-1.263031667770335043e+00 6.253493975695940676e+00 -8.255100640189647412e-03 4.507216711671345188e-01 -6.321790007334612826e-02 3.093544912323597466e-03 -5.641735386169783872e-01
3.080718633643695324e-03 -8.255100640189647412e-03 1.039728332323317916e-03 2.418454163027147666e-04 -7.096422468324224686e-05 -1.079684949832459537e-04 3.933866338552483087e-04
-4.329903613045362615e-02 4.507216711671345188e-01 2.418454163027147666e-04 8.140337249788416607e-02 -9.505679660772731188e-03 -2.469542973117092033e-03 -4.309718121361843374e-02
1.334351219417282200e-02 -6.321790007334612826e-02 -7.096422468324224686e-05 -9.505679660772731188e-03 2.667786754161512435e-03 7.075385851491397147e-04 7.438728784172981244e-03
5.898084867974377754e-03 3.093544912323597466e-03 -1.079684949832459537e-04 -2.469542973117092033e-03 7.075385851491397147e-04 1.705560653271151863e-03 9.579957472335053287e-04
9.360808621436808585e-02 -5.641735386169783872e-01 3.933866338552483087e-04 -4.309718121361843374e-02 7.438728784172981244e-03 9.579957472335053287e-04 5.449760822817538708e-01
