   3.5743055029513812e+01   6.5439854216385734e-02   1.5472984738600746e+00   1.1560547928666576e-01   2.0940356171748756e-01  -4.0338920936134059e-01
   6.5439854216385734e-02   1.1790010798656287e-03   3.2277439930504573e-03   3.1467260831622584e-04  -1.2167569203933367e-03  -1.0067726137947799e-03
   1.5472984738600746e+00   3.2277439930504573e-03   6.2817838694580628e+00   1.2379376279744727e-03   1.9414466972086535e-02   2.1034807519014521e-02
   1.1560547928666576e-01   3.1467260831622584e-04   1.2379376279744727e-03   1.5875664802002928e-03  -2.0592482437115497e-03  -1.8807144195153460e-03
   2.0940356171748756e-01  -1.2167569203933367e-03   1.9414466972086535e-02  -2.0592482437115497e-03   5.4403211593241872e-02   4.0210967902242064e-03
  -4.0338920936134059e-01  -1.0067726137947799e-03   2.1034807519014521e-02  -1.8807144195153460e-03   4.0210967902242064e-03   4.8842939994589213e-01
