   6.2119140641997994e+00   1.1924755800001291e-01   5.6459769178525639e-02   4.3154495678420501e-02   3.3787473928651696e-01   1.1699155930426716e-02
   1.1924755800001291e-01   4.9416791527513758e-03   2.6839184834105386e-03   9.2092628570085737e-04  -1.0394407416108951e-03  -3.6065487658845577e-06
   5.6459769178525639e-02   2.6839184834105386e-03   4.0910762437145146e-03   2.0682483259345464e-04  -2.6531862604873614e-03  -5.6424333771759659e-04
   4.3154495678420501e-02   9.2092628570085737e-04   2.0682483259345464e-04   1.4018420337309635e-03   1.4263116670941169e-03   2.1489903610850543e-04
   3.3787473928651696e-01  -1.0394407416108951e-03  -2.6531862604873614e-03   1.4263116670941169e-03   6.6722496753009383e-02  -1.4912694063789567e-03
   1.1699155930426716e-02  -3.6065487658845577e-06  -5.6424333771759659e-04   2.1489903610850543e-04  -1.4912694063789567e-03   1.5763503177816415e-01
