   4.8132294562622207e+00   5.4079578025612498e-03   9.8594354964989372e-03  -6.8445933431062781e-03   3.5872513734001112e-02  -9.3835193075356940e-02
   5.4079578025612498e-03   1.0158945313824593e-03   3.9453973506855108e-05  -4.7307405246424769e-05  -3.8822134383158984e-04  -8.4725318410878059e-04
   9.8594354964989372e-03   3.9453973506855108e-05   1.3035155892949415e-03  -6.4789116279879912e-04  -7.0400063413483740e-04  -4.0771087846394735e-03
  -6.8445933431062781e-03  -4.7307405246424769e-05  -6.4789116279879912e-04   2.9491190889543548e-03   6.6422752886621740e-04   8.1013210185469989e-03
   3.5872513734001112e-02  -3.8822134383158984e-04  -7.0400063413483740e-04   6.6422752886621740e-04   2.3807401083216648e-02   2.7383595390797322e-02
  -9.3835193075356940e-02  -8.4725318410878059e-04  -4.0771087846394735e-03   8.1013210185469989e-03   2.7383595390797322e-02   1.1675873074103880e+00
