   3.5685881633275912e+01   4.0550786588400667e-01   2.4540729618143753e+00   3.2213927281838745e-01   2.3047219722170517e-01  -1.4699505965470355e-01
   4.0550786588400667e-01   6.2181333898605274e-03   3.2699037857950017e-02   3.8047960906767344e-03   1.8765148715043506e-03  -1.9788847600366848e-03
   2.4540729618143753e+00   3.2699037857950017e-02   6.9403587283199792e+00   1.2828965353759046e-02   2.6598922382429398e-03   2.6912690886252946e-02
   3.2213927281838745e-01   3.8047960906767344e-03   1.2828965353759046e-02   4.0530079347319420e-03   2.0051186028990455e-03  -1.5722185829154733e-03
   2.3047219722170517e-01   1.8765148715043506e-03   2.6598922382429398e-03   2.0051186028990455e-03   7.2460860335139664e-03  -2.4429621330374169e-03
  -1.4699505965470355e-01  -1.9788847600366848e-03   2.6912690886252946e-02  -1.5722185829154733e-03  -2.4429621330374169e-03   1.4657512852931856e-01
