2.111363307894802144e-02 -1.831593448224251575e-02 -2.354147473355940740e-02 3.020257400950437238e-02 1.068466570388035101e-02 -2.964023251324149084e-03 -1.111585641195352199e-02 2.078067024650868955e-02 1.155922628924327053e-02 1.465185546861636108e-02 -2.207000660873714368e-02 2.198306493850255006e-02 4.527936915684562555e-04 5.056412437310876459e-03 -4.263562520840943199e-02 1.035498857186187976e-02 -4.949307137476582213e-03 -2.884244460671761372e-03 -4.122261101545209201e-03 -6.376889123547431135e-03 -3.593884879132394801e-03 -5.870883850710557444e-05 -1.307638713387904439e-01
-1.831593448224251575e-02 2.036143867092961648e-02 2.794662320854282914e-02 -2.564416268933451815e-02 -9.275591804855888231e-03 1.532018330959894047e-03 1.244323423631343677e-02 -2.257029726332400107e-02 -1.419900871769054496e-02 -2.595828304721349220e-02 2.235921918417113630e-02 -2.585499279084005689e-02 -4.074254161255338319e-03 -2.886642173644736204e-03 4.161560308621519572e-02 -9.348127102396235066e-03 4.793835497762768266e-03 2.879712760198055964e-03 4.182599715515527422e-03 7.368107005740088568e-03 3.556385559888476742e-03 3.828441643672074083e-05 1.266515411271871838e-01
-2.354147473355940740e-02 2.794662320854282914e-02 4.511902356811556269e-02 -3.043941283342180976e-02 -1.131644904061620063e-02 4.825386420274325409e-04 1.884317472910909327e-02 -3.347908636936029747e-02 -2.284886281138896053e-02 -4.904660795498952397e-02 3.151785198073747685e-02 -4.042600867351699157e-02 -9.804886661531817676e-03 -1.656707660367916484e-03 5.676406058508236263e-02 -1.178797786435580724e-02 6.456993243312030527e-03 4.016060804619815336e-03 5.901591659769558733e-03 1.140942033065294944e-02 4.914723738447327774e-03 3.150556164026403809e-05 1.714573188691763395e-01
3.020257400950437238e-02 -2.564416268933451815e-02 -3.043941283342180976e-02 4.834494406811463280e-02 1.652949551080617335e-02 -5.369991748079889875e-03 -1.492878210692363122e-02 2.853772612176585372e-02 1.440130843877591299e-02 1.219699060412645503e-02 -3.131663314638329088e-02 2.853775269675013979e-02 -2.291321746180006915e-03 8.824677247791713752e-03 -6.235012368650635212e-02 1.606368122560837552e-02 -7.364121497980172237e-03 -4.107164987427024648e-03 -5.873328828699958190e-03 -8.407993567522196662e-03 -5.151901429505028294e-03 -9.637335015033648066e-05 -1.922819715035229693e-01
1.068466570388035101e-02 -9.275591804855888231e-03 -1.131644904061620063e-02 1.652949551080617335e-02 6.905901555849505193e-03 -1.817577248127242402e-03 -5.522710824855400248e-03 1.036027740945908576e-02 5.467613933185589206e-03 5.292334655535481033e-03 -1.126365498492138718e-02 1.062957990492401951e-02 -4.907174184044659111e-04 3.034248798725592416e-03 -2.238632858354716940e-02 5.631229607920062996e-03 -2.627206080896927164e-03 -1.489619132700071820e-03 -2.131065791712564560e-03 -3.124536374848294138e-03 -1.865391889219216370e-03 -3.246072036602390951e-05 -6.868802800586307211e-02
-2.964023251324149084e-03 1.532018330959894047e-03 4.825386420274325409e-04 -5.369991748079889875e-03 -1.817577248127242402e-03 2.105845189872411916e-03 5.716611554760743985e-04 -1.361774488436577482e-03 3.553993960535370699e-05 3.758677384452277503e-03 2.132215995796781643e-03 -5.216730363077192595e-04 1.700351002362199531e-03 -1.508104824959740405e-03 5.059868923320487259e-03 -1.667393220949386912e-03 6.029009086929204607e-04 2.800112600590732204e-04 3.771630046290013047e-04 1.743379748200967903e-04 3.692160382977088188e-04 1.648773537371640523e-05 1.616557215681313150e-02
-1.111585641195352199e-02 1.244323423631343677e-02 1.884317472910909327e-02 -1.492878210692363122e-02 -5.522710824855400248e-03 5.716611554760743985e-04 9.332145046689386755e-03 -1.474358956333541269e-02 -9.776512627869110225e-03 -1.939794034971880840e-02 1.425611879408317240e-02 -1.745930023676085796e-02 -3.603096424688787252e-03 -1.335219017641722621e-03 2.613887599781986038e-02 -5.537525544613793038e-03 2.982102280143209341e-03 1.846176060436829740e-03 2.688422233123476460e-03 4.954944547990149974e-03 2.271199980604228248e-03 1.987252078129834003e-05 7.893835577259789016e-02
2.078067024650868955e-02 -2.257029726332400107e-02 -3.347908636936029747e-02 2.853772612176585372e-02 1.036027740945908576e-02 -1.361774488436577482e-03 -1.474358956333541269e-02 2.770801609642411026e-02 1.713792524368095913e-02 3.304116053721620899e-02 -2.601461353663889545e-02 3.094977349322580035e-02 5.698455635474693540e-03 2.820014276869429754e-03 -4.789895772191196666e-02 1.053429311333149362e-02 -5.498657866510644164e-03 -3.352290445050531975e-03 -4.879997911335496284e-03 -8.826448351314570076e-03 -4.123899376450747625e-03 -3.900758319505504105e-05 -1.454895990073694911e-01
1.155922628924327053e-02 -1.419900871769054496e-02 -2.284886281138896053e-02 1.440130843877591299e-02 5.467613933185589206e-03 3.553993960535370699e-05 -9.776512627869110225e-03 1.713792524368095913e-02 1.338567255746045404e-02 2.666847901134346624e-02 -1.615027439225985573e-02 2.120237043694562368e-02 5.792503111549283761e-03 6.528747093469489202e-04 -2.833711845727716894e-02 5.369674052782704050e-03 -3.185066998733502436e-03 -2.104793753325247870e-03 -3.085085048169948496e-03 -6.082186792733122044e-03 -2.558368004698726751e-03 -1.016206229478953920e-05 -8.466754916730953595e-02
1.465185546861636108e-02 -2.595828304721349220e-02 -4.904660795498952397e-02 1.219699060412645503e-02 5.292334655535481033e-03 3.758677384452277503e-03 -1.939794034971880840e-02 3.304116053721620899e-02 2.666847901134346624e-02 7.418862365961009786e-02 -2.738346861412310762e-02 4.470328117330073237e-02 1.863880488263492535e-02 -4.606917586143498625e-03 -4.398085786624764820e-02 6.477648817027841129e-03 -4.801620901947742555e-03 -3.414646515051563379e-03 -5.142368623094611089e-03 -1.239652087558683509e-02 -4.063512541749957421e-03 2.920488669134262716e-05 -1.296785091799782241e-01
-2.207000660873714368e-02 2.235921918417113630e-02 3.151785198073747685e-02 -3.131663314638329088e-02 -1.126365498492138718e-02 2.132215995796781643e-03 1.425611879408317240e-02 -2.601461353663889545e-02 -1.615027439225985573e-02 -2.738346861412310762e-02 2.758251170808598274e-02 -2.947555599711189009e-02 -4.005866765008253214e-03 -4.144918913986740498e-03 4.902041105880981797e-02 -1.090562810418216171e-02 5.640855567197004816e-03 3.476084423051361248e-03 4.983030150359109116e-03 8.476725300441304706e-03 4.288501627089843712e-03 5.085952140611038088e-05 1.490263864671920457e-01
2.198306493850255006e-02 -2.585499279084005689e-02 -4.042600867351699157e-02 2.853775269675013979e-02 1.062957990492401951e-02 -5.216730363077192595e-04 -1.745930023676085796e-02 3.094977349322580035e-02 2.120237043694562368e-02 4.470328117330073237e-02 -2.947555599711189009e-02 3.847936173399769261e-02 9.047505234830414619e-03 1.801705505298944847e-03 -5.276430242174274393e-02 1.073066578391611986e-02 -6.006314888029295508e-03 -3.815762763682476084e-03 -5.567706358208421649e-03 -1.063349550294176438e-02 -4.665043919266189006e-03 -3.047422055396166010e-05 -1.589274576085442925e-01
4.527936915684562555e-04 -4.074254161255338319e-03 -9.804886661531817676e-03 -2.291321746180006915e-03 -4.907174184044659111e-04 1.700351002362199531e-03 -3.603096424688787252e-03 5.698455635474693540e-03 5.792503111549283761e-03 1.863880488263492535e-02 -4.005866765008253214e-03 9.047505234830414619e-03 6.610074160812327501e-03 -2.222725080688561783e-03 -4.657396193763701543e-03 -3.134142243110869352e-04 -4.528417579490303041e-04 -5.107632352038792836e-04 -7.873011308247183709e-04 -2.501727548453535222e-03 -5.727016977253121012e-04 2.142284888312534868e-05 -1.238842442773969814e-02
5.056412437310876459e-03 -2.886642173644736204e-03 -1.656707660367916484e-03 8.824677247791713752e-03 3.034248798725592416e-03 -1.508104824959740405e-03 -1.335219017641722621e-03 2.820014276869429754e-03 6.528747093469489202e-04 -4.606917586143498625e-03 -4.144918913986740498e-03 1.801705505298944847e-03 -2.222725080688561783e-03 3.512332139985221719e-03 -9.001665455886289496e-03 2.556003256625687114e-03 -1.059406152803037300e-03 -5.892748172264313661e-04 -7.952477218798584182e-04 -6.379987050457510290e-04 -7.529743809735139166e-04 -2.383301687808962111e-05 -2.788716401394861211e-02
-4.263562520840943199e-02 4.161560308621519572e-02 5.676406058508236263e-02 -6.235012368650635212e-02 -2.238632858354716940e-02 5.059868923320487259e-03 2.613887599781986038e-02 -4.789895772191196666e-02 -2.833711845727716894e-02 -4.398085786624764820e-02 4.902041105880981797e-02 -5.276430242174274393e-02 -4.657396193763701543e-03 -9.001665455886289496e-03 9.494991238925490351e-02 -2.212566553165861219e-02 1.089530013366513464e-02 6.388651473870129299e-03 9.228756264658006733e-03 1.519957279140009276e-02 7.934752863689324698e-03 1.100818633083351709e-04 2.865475495873196499e-01
1.035498857186187976e-02 -9.348127102396235066e-03 -1.178797786435580724e-02 1.606368122560837552e-02 5.631229607920062996e-03 -1.667393220949386912e-03 -5.537525544613793038e-03 1.053429311333149362e-02 5.369674052782704050e-03 6.477648817027841129e-03 -1.090562810418216171e-02 1.073066578391611986e-02 -3.134142243110869352e-04 2.556003256625687114e-03 -2.212566553165861219e-02 6.957340405025657336e-03 -2.635121781125681750e-03 -1.370321525065129695e-03 -2.012101818588459684e-03 -3.072326960828972164e-03 -1.724027962309628622e-03 -3.133773966608729218e-05 -6.861686208595071945e-02
-4.949307137476582213e-03 4.793835497762768266e-03 6.456993243312030527e-03 -7.364121497980172237e-03 -2.627206080896927164e-03 6.029009086929204607e-04 2.982102280143209341e-03 -5.498657866510644164e-03 -3.185066998733502436e-03 -4.801620901947742555e-03 5.640855567197004816e-03 -6.006314888029295508e-03 -4.528417579490303041e-04 -1.059406152803037300e-03 1.089530013366513464e-02 -2.635121781125681750e-03 2.313749023849321317e-03 7.354942400140506830e-04 1.074963075669027211e-03 1.742074780389232108e-03 9.199488014947003293e-04 1.247523143146519705e-05 3.331332346735913635e-02
-2.884244460671761372e-03 2.879712760198055964e-03 4.016060804619815336e-03 -4.107164987427024648e-03 -1.489619132700071820e-03 2.800112600590732204e-04 1.846176060436829740e-03 -3.352290445050531975e-03 -2.104793753325247870e-03 -3.414646515051563379e-03 3.476084423051361248e-03 -3.815762763682476084e-03 -5.107632352038792836e-04 -5.892748172264313661e-04 6.388651473870129299e-03 -1.370321525065129695e-03 7.354942400140506830e-04 1.475054208564435202e-03 6.728817479983242606e-04 1.122603874014165091e-03 5.826850313066874896e-04 6.719572948652194747e-06 1.928467923413964072e-02
-4.122261101545209201e-03 4.182599715515527422e-03 5.901591659769558733e-03 -5.873328828699958190e-03 -2.131065791712564560e-03 3.771630046290013047e-04 2.688422233123476460e-03 -4.879997911335496284e-03 -3.085085048169948496e-03 -5.142368623094611089e-03 4.983030150359109116e-03 -5.567706358208421649e-03 -7.873011308247183709e-04 -7.952477218798584182e-04 9.228756264658006733e-03 -2.012101818588459684e-03 1.074963075669027211e-03 6.728817479983242606e-04 1.972992180739904615e-03 1.647404548839289653e-03 8.270630763771918493e-04 8.735956482040438398e-06 2.788113036423105900e-02
-6.376889123547431135e-03 7.368107005740088568e-03 1.140942033065294944e-02 -8.407993567522196662e-03 -3.124536374848294138e-03 1.743379748200967903e-04 4.954944547990149974e-03 -8.826448351314570076e-03 -6.082186792733122044e-03 -1.239652087558683509e-02 8.476725300441304706e-03 -1.063349550294176438e-02 -2.501727548453535222e-03 -6.379987050457510290e-04 1.519957279140009276e-02 -3.072326960828972164e-03 1.742074780389232108e-03 1.122603874014165091e-03 1.647404548839289653e-03 4.108761534217949228e-03 1.365905733177529913e-03 7.405649978029600106e-06 4.563587499491159744e-02
-3.593884879132394801e-03 3.556385559888476742e-03 4.914723738447327774e-03 -5.151901429505028294e-03 -1.865391889219216370e-03 3.692160382977088188e-04 2.271199980604228248e-03 -4.123899376450747625e-03 -2.558368004698726751e-03 -4.063512541749957421e-03 4.288501627089843712e-03 -4.665043919266189006e-03 -5.727016977253121012e-04 -7.529743809735139166e-04 7.934752863689324698e-03 -1.724027962309628622e-03 9.199488014947003293e-04 5.826850313066874896e-04 8.270630763771918493e-04 1.365905733177529913e-03 1.719240248469938552e-03 8.780012432601776249e-06 2.398183290332393455e-02
-5.870883850710557444e-05 3.828441643672074083e-05 3.150556164026403809e-05 -9.637335015033648066e-05 -3.246072036602390951e-05 1.648773537371640523e-05 1.987252078129834003e-05 -3.900758319505504105e-05 -1.016206229478953920e-05 2.920488669134262716e-05 5.085952140611038088e-05 -3.047422055396166010e-05 2.142284888312534868e-05 -2.383301687808962111e-05 1.100818633083351709e-04 -3.133773966608729218e-05 1.247523143146519705e-05 6.719572948652194747e-06 8.735956482040438398e-06 7.405649978029600106e-06 8.780012432601776249e-06 1.001360643733417233e-03 3.446988512589780739e-04
-1.307638713387904439e-01 1.266515411271871838e-01 1.714573188691763395e-01 -1.922819715035229693e-01 -6.868802800586307211e-02 1.616557215681313150e-02 7.893835577259789016e-02 -1.454895990073694911e-01 -8.466754916730953595e-02 -1.296785091799782241e-01 1.490263864671920457e-01 -1.589274576085442925e-01 -1.238842442773969814e-02 -2.788716401394861211e-02 2.865475495873196499e-01 -6.861686208595071945e-02 3.331332346735913635e-02 1.928467923413964072e-02 2.788113036423105900e-02 4.563587499491159744e-02 2.398183290332393455e-02 3.446988512589780739e-04 8.780083850867546058e-01
