   3.0914877954031809e-02  -2.2650865530212190e-03   3.2810677080301887e-02  -1.4556029063426267e-03   1.8503838107662027e-02  -9.7006724180177570e-02  -4.6917455221745917e-02  -5.8998642603342248e-02   3.5949567118108594e-02   1.3118766865006308e-02  -5.9503621090026999e-03   2.0255880623306944e-04   1.6239559249027727e-03  -7.5389562733613362e-05   3.0854898205289097e-05  -3.3565861695282879e-04   3.8507209379117661e-02   7.3300220091193700e-04  -1.3261382835673015e-03  -1.8675538959781147e-03   5.2709894623786255e-06   5.1964882879844355e-04   1.4421375880479826e-02
  -2.2650865530212190e-03   1.9186187153681373e+00  -1.7408783293879713e+00   1.1733211252622586e+00  -1.2589927208513181e+00   1.7805582374854929e+00   2.5412361558524127e-01   1.1815588621772228e+00  -2.1954277974261884e-02  -3.4300894285137479e-01  -2.6856850842668312e-01   9.7581458473123444e-04  -6.8255404219544000e-03  -2.5062990320602026e-03  -2.6143469949174549e-03  -6.3625093405788617e-03   8.0923881383120233e-01  -9.2501693343097180e-01  -1.5397346367941007e-02  -1.1351818260869640e-02  -1.3167648313411526e-03  -1.5146342811803400e-03  -3.3250283627202344e-02
   3.2810677080301887e-02  -1.7408783293879713e+00   2.4928170844301887e+00  -1.1408383700021187e+00   1.3111728137175862e+00  -3.2246165933976827e+00  -7.1508685606808164e-01  -1.2507764278294808e+00   1.2829950064895279e+00  -8.4361144464172544e-01   1.8038986048026170e-02   2.2240679117901258e-03   1.5689388411391607e-02  -4.5952713157004825e-04   2.3920417292226910e-03  -6.2027696414652788e-03  -9.5208215332122115e-01   9.4125014657375639e-01  -1.9435305046520388e-02  -3.7397692509638994e-02   1.1181895193274492e-03   1.0567979960550086e-03   1.0468446252162558e-01
  -1.4556029063426267e-03   1.1733211252622586e+00  -1.1408383700021187e+00   2.8739513519924751e+00  -1.3866512850677275e+00   5.3616508167766731e-02   8.2870466107966806e-02   1.8856835793616451e+00  -2.1793812125526490e+00   7.2978189258214043e-01  -4.1078862026238816e-01   1.4213639955615602e-03   1.2806047769573203e-02  -2.9779407861928571e-04  -4.2467402756226590e-03  -2.5238441120636553e-02   9.9101853881101001e-02  -1.9939762553465135e+00  -8.0022286285950386e-02  -1.0360522175499180e-01  -7.0782451264603534e-04  -6.5251041276488944e-03  -1.1465378421689450e-01
   1.8503838107662027e-02  -1.2589927208513181e+00   1.3111728137175862e+00  -1.3866512850677275e+00   1.3935188975936872e+00  -1.2905418309902155e+00  -3.1385733055242782e-01  -1.3794575837986243e+00   6.7280424300540298e-01   1.6329635066177903e-01  -2.7784221347259197e-01   3.6230939574137517e-04   1.7851033708105968e-03   4.0651486860383579e-04   2.0322817493445113e-03   3.1939484946039067e-03   6.0766728025256241e-02   9.4675038355767638e-01   7.2004953008000007e-03   2.7796893931325188e-03   7.4395601731142686e-04   4.7360286082872589e-03   9.7225235471444280e-02
  -9.7006724180177570e-02   1.7805582374854929e+00  -3.2246165933976827e+00   5.3616508167766731e-02  -1.2905418309902155e+00   5.8257117145615513e+00   9.5233036314372466e-01   1.3429580863785868e+00  -1.6969141269296020e+00   1.2485478009635400e+00   6.4259351265917541e-01  -4.3918445453131607e-03  -3.2788706116358909e-02   2.4897697776066628e-03  -9.3026490773792658e-04   8.0686060250883002e-03   1.0655221972976519e+00   1.1458804677924649e-01   1.9296561249887326e-02   6.7609811846665147e-02  -1.2653151146732869e-03   1.1721617300445336e-03  -1.2700034168034796e-01
  -4.6917455221745917e-02   2.5412361558524127e-01  -7.1508685606808164e-01   8.2870466107966806e-02  -3.1385733055242782e-01   9.5233036314372466e-01   5.3854203297188064e-01   1.1409335577902653e-01  -1.6762512262142165e-01   2.2242661671528063e-01   1.6577015592393418e-01  -2.8681783991453573e-03  -7.9556458148637172e-03   9.3443224096174439e-04  -1.2975942853372854e-04   1.9066439581553914e-02   7.9930052156973880e-02  -2.8153209995763634e-01   6.2094870089544868e-02   7.4199642446702796e-02  -5.6498806270966550e-05  -9.9683207896216126e-04  -9.0856950422753352e-02
  -5.8998642603342248e-02   1.1815588621772228e+00  -1.2507764278294808e+00   1.8856835793616451e+00  -1.3794575837986243e+00   1.3429580863785868e+00   1.1409335577902653e-01   2.2880060795563830e+00  -1.2062986889412026e+00  -3.7664000592561803e-01  -7.0531544303399668e-02   7.9334468024245251e-04   3.2125988651460101e-03  -1.7548810118599620e-04  -1.8042650657537707e-03  -3.9809169684521577e-02  -8.5151168457056420e-02  -8.9471375958858979e-01  -1.3287333271519913e-01  -1.4454256470686197e-01  -8.2192885805467417e-04  -4.2175551857837317e-03  -9.7292337764734449e-02
   3.5949567118108594e-02  -2.1954277974261884e-02   1.2829950064895279e+00  -2.1793812125526490e+00   6.7280424300540298e-01  -1.6969141269296020e+00  -1.6762512262142165e-01  -1.2062986889412026e+00   5.2551465231770527e+00  -3.7061416499970932e+00  -1.3821976504100930e-01   1.3977896243075284e-03  -2.8068054476497349e-03  -5.3902208147273865e-03   3.6930071741676559e-03   2.2014479191970578e-02  -5.4814866837803768e-02   1.3438059508998401e+00   8.2088788704615320e-02   8.6083549923241645e-02   5.5219353362299980e-05   4.0169068214637579e-03   1.5281281017579609e-01
   1.3118766865006308e-02  -3.4300894285137479e-01  -8.4361144464172544e-01   7.2978189258214043e-01   1.6329635066177903e-01   1.2485478009635400e+00   2.2242661671528063e-01  -3.7664000592561803e-01  -3.7061416499970932e+00   3.6174177677710730e+00   3.6433464821864450e-02  -1.9115797866880824e-03  -5.4487089670789629e-03   4.4055731211017921e-03  -2.5806268310151824e-03   1.2442750116242339e-02   5.4134171034037537e-01  -7.1608512822549597e-01   3.4059848918568544e-02   4.2739029947789990e-02   2.1079023021210199e-04   6.5393642312835585e-04  -4.6979132687790637e-02
  -5.9503621090026999e-03  -2.6856850842668312e-01   1.8038986048026170e-02  -4.1078862026238816e-01  -2.7784221347259197e-01   6.4259351265917541e-01   1.6577015592393418e-01  -7.0531544303399668e-02  -1.3821976504100930e-01   3.6433464821864450e-02   1.1913942095459562e+00  -1.8696287752532576e-03  -3.3855481319861594e-03   1.5024191272081338e-03   2.7332183573682288e-04   2.5232181944637711e-02  -7.5877934643474465e-01   3.6456650148538966e-01   8.7259058884640112e-02   1.1180038136545734e-01   3.1957897032209811e-04  -3.9706392816622601e-03  -7.0709518248159131e-02
   2.0255880623306944e-04   9.7581458473123444e-04   2.2240679117901258e-03   1.4213639955615602e-03   3.6230939574137517e-04  -4.3918445453131607e-03  -2.8681783991453573e-03   7.9334468024245251e-04   1.3977896243075284e-03  -1.9115797866880824e-03  -1.8696287752532576e-03   1.0736627490658722e-03   5.0166199629090075e-06   3.5080546926225625e-07   6.2900876563929541e-06  -9.5888648223075559e-05   9.0086944603822523e-04   1.0243426459348626e-05  -3.3137206745354034e-04  -4.0714240479200296e-04   4.3609571313197243e-06  -8.0718764145023498e-06   5.0980353136359535e-04
   1.6239559249027727e-03  -6.8255404219544000e-03   1.5689388411391607e-02   1.2806047769573203e-02   1.7851033708105968e-03  -3.2788706116358909e-02  -7.9556458148637172e-03   3.2125988651460101e-03  -2.8068054476497349e-03  -5.4487089670789629e-03  -3.3855481319861594e-03   5.0166199629090075e-06   1.8317792020474265e-03  -1.5046298825340828e-05   7.4615825667332039e-06  -2.2883106018910707e-04  -6.3317020960134470e-03  -6.5020871635104449e-03  -7.6542945292360626e-04  -1.2447195053284707e-03   6.5474997838101516e-06  -6.5746187737339431e-05   2.5078644381513939e-04
  -7.5389562733613362e-05  -2.5062990320602026e-03  -4.5952713157004825e-04  -2.9779407861928571e-04   4.0651486860383579e-04   2.4897697776066628e-03   9.3443224096174439e-04  -1.7548810118599620e-04  -5.3902208147273865e-03   4.4055731211017921e-03   1.5024191272081338e-03   3.5080546926225625e-07  -1.5046298825340828e-05   1.0291608469302530e-03   2.1952902920993374e-06   3.4976806658880451e-05  -1.1629175858450865e-03   5.1212329757347364e-04   1.0338528473909308e-04   1.3402305830389000e-04   4.6789669707812920e-06  -2.0591248103022346e-05  -2.5169604081593162e-04
   3.0854898205289097e-05  -2.6143469949174549e-03   2.3920417292226910e-03  -4.2467402756226590e-03   2.0322817493445113e-03  -9.3026490773792658e-04  -1.2975942853372854e-04  -1.8042650657537707e-03   3.6930071741676559e-03  -2.5806268310151824e-03   2.7332183573682288e-04   6.2900876563929541e-06   7.4615825667332039e-06   2.1952902920993374e-06   1.0333315067557946e-03   5.5185102345137266e-06  -9.6624061526107553e-04   3.4520883776719418e-03  -1.0673391825057860e-04  -1.1310983263148494e-04   4.0514790630982093e-06   2.3896248420028092e-05   1.0914585975549306e-04
  -3.3565861695282879e-04  -6.3625093405788617e-03  -6.2027696414652788e-03  -2.5238441120636553e-02   3.1939484946039067e-03   8.0686060250883002e-03   1.9066439581553914e-02  -3.9809169684521577e-02   2.2014479191970578e-02   1.2442750116242339e-02   2.5232181944637711e-02  -9.5888648223075559e-05  -2.2883106018910707e-04   3.4976806658880451e-05   5.5185102345137266e-06   4.1012537181748356e-03   6.6517801502480301e-04  -2.5670165913045250e-04   1.0316459767854292e-02   1.1811403525176135e-02   1.9689991093234053e-05  -1.8383337886901269e-04  -1.9143175377060485e-03
   3.8507209379117661e-02   8.0923881383120233e-01  -9.5208215332122115e-01   9.9101853881101001e-02   6.0766728025256241e-02   1.0655221972976519e+00   7.9930052156973880e-02  -8.5151168457056420e-02  -5.4814866837803768e-02   5.4134171034037537e-01  -7.5877934643474465e-01   9.0086944603822523e-04  -6.3317020960134470e-03  -1.1629175858450865e-03  -9.6624061526107553e-04   6.6517801502480301e-04   1.3437971324840798e+00  -2.3682773110216188e-01   1.6829504511837649e-03   2.5413760286578683e-03  -6.2285678653485317e-04   3.9414990392230252e-03   6.5160161681422774e-02
   7.3300220091193700e-04  -9.2501693343097180e-01   9.4125014657375639e-01  -1.9939762553465135e+00   9.4675038355767638e-01   1.1458804677924649e-01  -2.8153209995763634e-01  -8.9471375958858979e-01   1.3438059508998401e+00  -7.1608512822549597e-01   3.6456650148538966e-01   1.0243426459348626e-05  -6.5020871635104449e-03   5.1212329757347364e-04   3.4520883776719418e-03  -2.5670165913045250e-04  -2.3682773110216188e-01   1.7222595160905023e+00  -5.5684359104643012e-03   8.6697197589332316e-03   4.9462590244260041e-04   4.8417229599207320e-03   1.0672048486300206e-01
  -1.3261382835673015e-03  -1.5397346367941007e-02  -1.9435305046520388e-02  -8.0022286285950386e-02   7.2004953008000007e-03   1.9296561249887326e-02   6.2094870089544868e-02  -1.3287333271519913e-01   8.2088788704615320e-02   3.4059848918568544e-02   8.7259058884640112e-02  -3.3137206745354034e-04  -7.6542945292360626e-04   1.0338528473909308e-04  -1.0673391825057860e-04   1.0316459767854292e-02   1.6829504511837649e-03  -5.5684359104643012e-03   3.6784171715644715e-02   4.0268234224840480e-02   5.7506155172914192e-05  -8.3960943279803770e-04  -6.5133953148899786e-03
  -1.8675538959781147e-03  -1.1351818260869640e-02  -3.7397692509638994e-02  -1.0360522175499180e-01   2.7796893931325188e-03   6.7609811846665147e-02   7.4199642446702796e-02  -1.4454256470686197e-01   8.6083549923241645e-02   4.2739029947789990e-02   1.1180038136545734e-01  -4.0714240479200296e-04  -1.2447195053284707e-03   1.3402305830389000e-04  -1.1310983263148494e-04   1.1811403525176135e-02   2.5413760286578683e-03   8.6697197589332316e-03   4.0268234224840480e-02   4.8720919030812458e-02   5.1503756820094121e-05  -7.8239247715547271e-04  -7.6656349407822604e-03
   5.2709894623786255e-06  -1.3167648313411526e-03   1.1181895193274492e-03  -7.0782451264603534e-04   7.4395601731142686e-04  -1.2653151146732869e-03  -5.6498806270966550e-05  -8.2192885805467417e-04   5.5219353362299980e-05   2.1079023021210199e-04   3.1957897032209811e-04   4.3609571313197243e-06   6.5474997838101516e-06   4.6789669707812920e-06   4.0514790630982093e-06   1.9689991093234053e-05  -6.2285678653485317e-04   4.9462590244260041e-04   5.7506155172914192e-05   5.1503756820094121e-05   1.0026168138080140e-03  -7.8154795858778776e-06  -4.4515412249963268e-06
   5.1964882879844355e-04  -1.5146342811803400e-03   1.0567979960550086e-03  -6.5251041276488944e-03   4.7360286082872589e-03   1.1721617300445336e-03  -9.9683207896216126e-04  -4.2175551857837317e-03   4.0169068214637579e-03   6.5393642312835585e-04  -3.9706392816622601e-03  -8.0718764145023498e-06  -6.5746187737339431e-05  -2.0591248103022346e-05   2.3896248420028092e-05  -1.8383337886901269e-04   3.9414990392230252e-03   4.8417229599207320e-03  -8.3960943279803770e-04  -7.8239247715547271e-04  -7.8154795858778776e-06   1.3346195472321520e-03   9.4079669976803587e-04
   1.4421375880479826e-02  -3.3250283627202344e-02   1.0468446252162558e-01  -1.1465378421689450e-01   9.7225235471444280e-02  -1.2700034168034796e-01  -9.0856950422753352e-02  -9.7292337764734449e-02   1.5281281017579609e-01  -4.6979132687790637e-02  -7.0709518248159131e-02   5.0980353136359535e-04   2.5078644381513939e-04  -2.5169604081593162e-04   1.0914585975549306e-04  -1.9143175377060485e-03   6.5160161681422774e-02   1.0672048486300206e-01  -6.5133953148899786e-03  -7.6656349407822604e-03  -4.4515412249963268e-06   9.4079669976803587e-04   3.9160625274272359e-02
