   1.2494516067419206e-02  -2.0298298471608675e-02   6.2510240100159603e-03  -3.3128085811013380e-03  -2.7903490405839946e-03   5.3728663049704252e-03   3.3428637903618375e-05  -2.9967896359919534e-04  -2.0781309016374241e-03  -4.3859451452743191e-03   3.0210493287480254e-03  -7.5110454003615509e-05   1.9729475877994427e-04   8.7946806941610091e-05   1.7714199238530730e-04   3.3177757599518688e-04   2.3963631049875454e-02   2.7468262272135145e-02   1.3979116431339180e-03   4.1918738715421603e-04   6.5011473515134890e-05   9.2923600100010108e-05   2.8529425536938024e-03
  -2.0298298471608675e-02   9.2574669027846390e-01   2.2283386170749975e-01  -7.8354498377041049e-01   3.8172051668338891e-01   4.3869269195829691e-01   4.0583787502276279e-03   5.2296574380358132e-02  -6.6441242709310297e-03  -1.5178899618928740e-01   6.8250573203884807e-02  -1.2855582022924830e-02  -2.6876558218547732e-03  -5.4891928688309945e-04  -1.3613474658660185e-03  -2.4328661675019478e-03  -1.2242986140890997e+00   1.3272557831453387e+00  -7.2533498852462991e-03  -1.6226562667304692e-03  -5.7083119780805059e-04  -2.1856208439089900e-04  -8.1351265138209838e-02
   6.2510240100159603e-03   2.2283386170749975e-01   1.9267966861301516e-01  -3.1142242352276617e-01   1.2073533361545261e-01  -1.4620278327312962e-02   1.2575705211069369e-03  -1.5805965008737179e-02   1.2013302234686862e-01  -7.0220230119202157e-02   1.3864999917289086e-02  -4.5675196815500377e-03   6.5114303597687759e-04  -1.7857789005437254e-04   6.7256432985244848e-05   1.9596577715192095e-04  -2.3347290793880288e-01   3.8392897352427358e-01  -1.0041440066688157e-04   3.1329049711285775e-04  -9.3555923423995914e-05   6.0324595898716537e-04  -1.0014035531591960e-01
  -3.3128085811013380e-03  -7.8354498377041049e-01  -3.1142242352276617e-01   1.7770094417712226e+00  -8.0446921324440213e-01  -6.2554607175978816e-01  -3.8044327215709692e-03  -5.1380974357712467e-02  -2.6299516091090808e-01   1.8140219605641916e-01  -5.6230549730130065e-02   1.2783286584949670e-02   1.3071007627019982e-03  -1.0411568343659532e-03  -1.1133918962211713e-03  -5.2388989703612745e-03   1.3885355459585551e+00  -2.0457635807169434e+00   2.8131049766759965e-03   3.8303766752734759e-03   6.1859368971901722e-04  -4.4439608365884056e-03   2.6458956297586800e-01
  -2.7903490405839946e-03   3.8172051668338891e-01   1.2073533361545261e-01  -8.0446921324440213e-01   4.6595325313669833e-01   4.4724336521030350e-01   1.9100592686208421e-03  -2.5635133098152272e-02   9.2246274055783947e-03  -1.2562778961525284e-01   4.4395799994591728e-02  -6.5525271533355620e-03   8.6444704541774819e-04   7.5767690292950567e-04   4.0510856722832919e-04   2.3120369984559763e-03  -7.2985231897522873e-01   1.0498608777552902e+00   1.7064562219691632e-03  -3.2538539235060079e-03  -2.6634230429044205e-04   1.7200110944911825e-03  -1.1328151466366100e-01
   5.3728663049704252e-03   4.3869269195829691e-01  -1.4620278327312962e-02  -6.2554607175978816e-01   4.4724336521030350e-01   8.2328050078779358e-01   2.0843714568742622e-03  -5.3377388313258646e-02  -2.3717276526595510e-01  -1.7800532796577631e-01   7.7589468992052907e-02  -6.5989103882744720e-03   1.4431135496727979e-03   1.0106918736610046e-03   2.3113651561023564e-04   2.1530673138672666e-03  -8.0686225593341754e-01   1.2605870698157251e+00   4.8565600336079612e-03  -4.4865388382776782e-03  -2.6883712727533400e-04   1.3932291710494716e-03   4.0727427814649018e-02
   3.3428637903618375e-05   4.0583787502276279e-03   1.2575705211069369e-03  -3.8044327215709692e-03   1.9100592686208421e-03   2.0843714568742622e-03   1.0310750910943545e-03   1.0832655522065971e-04  -8.0677944472486534e-05  -7.9949073781230011e-04   3.6630788978841115e-04  -9.9074767017847017e-05   4.8402881138026599e-06   3.8931711817987248e-06   1.3788253750328194e-06  -2.6579280977736784e-06  -5.3142423885329830e-03   6.6150724358751039e-03  -2.1812513978021020e-06   2.1175957992294438e-06   2.3070688162290710e-06  -6.1551982862475486e-06  -5.1061106972484158e-04
  -2.9967896359919534e-04   5.2296574380358132e-02  -1.5805965008737179e-02  -5.1380974357712467e-02  -2.5635133098152272e-02  -5.3377388313258646e-02   1.0832655522065971e-04   7.3190865687164444e-02   3.0662794648842639e-02   4.0778539715905240e-02  -3.5275073996418982e-03   4.5758866849809257e-05  -2.4325698102587757e-03  -2.0907099985508827e-04  -3.1759982439807114e-04  -9.7660934144142833e-04  -1.2661328893728485e-01   6.0531356707760366e-03  -1.9103292795882880e-03   1.5472848306814771e-03  -1.6546629725237281e-05  -5.9549745335970607e-04   1.6514024840262775e-02
  -2.0781309016374241e-03  -6.6441242709310297e-03   1.2013302234686862e-01  -2.6299516091090808e-01   9.2246274055783947e-03  -2.3717276526595510e-01  -8.0677944472486534e-05   3.0662794648842639e-02   2.7023929409460612e-01   2.5762381791739793e-02  -4.0898652222228417e-02  -5.8519855930777277e-05  -8.2615068600051062e-04  -1.1990019899646572e-04   2.7096596542825960e-04   9.5898424197681518e-04   7.3258194271766233e-02  -1.4405325528247137e-02  -4.3089301773625221e-03   6.8370144369485114e-04  -1.0280129476065072e-04   1.1703810585544257e-03  -1.1378747166157099e-01
  -4.3859451452743191e-03  -1.5178899618928740e-01  -7.0220230119202157e-02   1.8140219605641916e-01  -1.2562778961525284e-01  -1.7800532796577631e-01  -7.9949073781230011e-04   4.0778539715905240e-02   2.5762381791739793e-02   8.3580725990797300e-02  -2.4403650191593827e-02   2.8845029913400632e-03  -1.2722763180108613e-03  -1.1585948446835941e-04  -3.7613209350597940e-05  -3.5947509814037137e-04   2.0317723212135211e-01  -3.7116847327756314e-01  -1.8711089311754764e-03   9.7938511265744841e-04   7.8400770419010551e-05  -4.7634463083135511e-04   1.9914593444766503e-02
   3.0210493287480254e-03   6.8250573203884807e-02   1.3864999917289086e-02  -5.6230549730130065e-02   4.4395799994591728e-02   7.7589468992052907e-02   3.6630788978841115e-04  -3.5275073996418982e-03  -4.0898652222228417e-02  -2.4403650191593827e-02   2.4500978471557796e-02  -1.1855062905260178e-03   1.4240467207704471e-04  -4.2947513934397258e-05   1.1410928780065301e-04   1.9894828645020848e-04  -1.1743512089308053e-01   1.5640544013213101e-01   9.6031650933032999e-04   1.1671598193182464e-04  -2.3176418702526914e-05   1.3159466268224991e-04   3.9508107830095902e-03
  -7.5110454003615509e-05  -1.2855582022924830e-02  -4.5675196815500377e-03   1.2783286584949670e-02  -6.5525271533355620e-03  -6.5989103882744720e-03  -9.9074767017847017e-05   4.5758866849809257e-05  -5.8519855930777277e-05   2.8845029913400632e-03  -1.1855062905260178e-03   1.3455893452252300e-03  -3.1429965531818099e-05  -6.7325932990149511e-06  -7.3455189117102387e-06  -2.4156501625941554e-06   1.6898462926377270e-02  -2.1451400089902050e-02  -3.2833594638177802e-07   8.6382725623434784e-07  -4.2815274850829356e-06   1.1900682441940201e-05   1.9744559917884096e-03
   1.9729475877994427e-04  -2.6876558218547732e-03   6.5114303597687759e-04   1.3071007627019982e-03   8.6444704541774819e-04   1.4431135496727979e-03   4.8402881138026599e-06  -2.4325698102587757e-03  -8.2615068600051062e-04  -1.2722763180108613e-03   1.4240467207704471e-04  -3.1429965531818099e-05   1.1133394899876272e-03   1.0327214234991734e-05   2.2495965655318058e-05   4.8942396671788712e-05   5.2165453140393826e-03  -2.0456635424326503e-04   9.5638855773411995e-05  -4.5747072434067602e-05   5.3296200282192011e-06   2.3997580631304708e-05  -7.4916012480501953e-04
   8.7946806941610091e-05  -5.4891928688309945e-04  -1.7857789005437254e-04  -1.0411568343659532e-03   7.5767690292950567e-04   1.0106918736610046e-03   3.8931711817987248e-06  -2.0907099985508827e-04  -1.1990019899646572e-04  -1.1585948446835941e-04  -4.2947513934397258e-05  -6.7325932990149511e-06   1.0327214234991734e-05   1.0185782100840426e-03   5.9169148843927228e-06   2.2889157002758400e-05   1.0263543838814723e-04   1.1152404027896356e-03   3.2447509679719852e-05  -1.5291546353210960e-06   3.5698041852271716e-06  -2.0407797536782199e-06  -5.8666682343148134e-05
   1.7714199238530730e-04  -1.3613474658660185e-03   6.7256432985244848e-05  -1.1133918962211713e-03   4.0510856722832919e-04   2.3113651561023564e-04   1.3788253750328194e-06  -3.1759982439807114e-04   2.7096596542825960e-04  -3.7613209350597940e-05   1.1410928780065301e-04  -7.3455189117102387e-06   2.2495965655318058e-05   5.9169148843927228e-06   1.0292800690447205e-03   7.0829541654782966e-05   1.5634557899594384e-03   5.9807363878779812e-04   1.5132756821794845e-05  -3.7328063964142569e-05   2.0584870651899889e-06   3.1270780596873019e-05  -3.0952023304980979e-04
   3.3177757599518688e-04  -2.4328661675019478e-03   1.9596577715192095e-04  -5.2388989703612745e-03   2.3120369984559763e-03   2.1530673138672666e-03  -2.6579280977736784e-06  -9.7660934144142833e-04   9.5898424197681518e-04  -3.5947509814037137e-04   1.9894828645020848e-04  -2.4156501625941554e-06   4.8942396671788712e-05   2.2889157002758400e-05   7.0829541654782966e-05   1.2228512014429390e-03   2.3665037778899242e-03   4.1323043372693867e-03   2.0457908811698664e-05  -1.3535865250208061e-04  -1.3373330215523944e-06   1.0614798636866249e-04  -1.0384954694931984e-03
   2.3963631049875454e-02  -1.2242986140890997e+00  -2.3347290793880288e-01   1.3885355459585551e+00  -7.2985231897522873e-01  -8.0686225593341754e-01  -5.3142423885329830e-03  -1.2661328893728485e-01   7.3258194271766233e-02   2.0317723212135211e-01  -1.1743512089308053e-01   1.6898462926377270e-02   5.2165453140393826e-03   1.0263543838814723e-04   1.5634557899594384e-03   2.3665037778899242e-03   2.0633700158969472e+00  -2.1004332861277306e+00   5.6063465234246898e-03   2.3282589666106922e-03   7.1150204683552616e-04   3.2243114529599846e-04   8.3436018184987096e-02
   2.7468262272135145e-02   1.3272557831453387e+00   3.8392897352427358e-01  -2.0457635807169434e+00   1.0498608777552902e+00   1.2605870698157251e+00   6.6150724358751039e-03   6.0531356707760366e-03  -1.4405325528247137e-02  -3.7116847327756314e-01   1.5640544013213101e-01  -2.1451400089902050e-02  -2.0456635424326503e-04   1.1152404027896356e-03   5.9807363878779812e-04   4.1323043372693867e-03  -2.1004332861277306e+00   3.1487654465285817e+00   3.5018265719867899e-03  -4.2223762644562493e-03  -7.4720436495746628e-04   3.9186933594629915e-03  -1.9030980514131773e-01
   1.3979116431339180e-03  -7.2533498852462991e-03  -1.0041440066688157e-04   2.8131049766759965e-03   1.7064562219691632e-03   4.8565600336079612e-03  -2.1812513978021020e-06  -1.9103292795882880e-03  -4.3089301773625221e-03  -1.8711089311754764e-03   9.6031650933032999e-04  -3.2833594638177802e-07   9.5638855773411995e-05   3.2447509679719852e-05   1.5132756821794845e-05   2.0457908811698664e-05   5.6063465234246898e-03   3.5018265719867899e-03   1.8553364114815914e-03  -1.8596955395908985e-05   1.7635043390160090e-05  -4.8711908289541203e-05   1.5056191987720187e-03
   4.1918738715421603e-04  -1.6226562667304692e-03   3.1329049711285775e-04   3.8303766752734759e-03  -3.2538539235060079e-03  -4.4865388382776782e-03   2.1175957992294438e-06   1.5472848306814771e-03   6.8370144369485114e-04   9.7938511265744841e-04   1.1671598193182464e-04   8.6382725623434784e-07  -4.5747072434067602e-05  -1.5291546353210960e-06  -3.7328063964142569e-05  -1.3535865250208061e-04   2.3282589666106922e-03  -4.2223762644562493e-03  -1.8596955395908985e-05   1.5493413335086849e-03   1.0648395226104118e-05  -1.0173171110648578e-04   6.0867366878865434e-04
   6.5011473515134890e-05  -5.7083119780805059e-04  -9.3555923423995914e-05   6.1859368971901722e-04  -2.6634230429044205e-04  -2.6883712727533400e-04   2.3070688162290710e-06  -1.6546629725237281e-05  -1.0280129476065072e-04   7.8400770419010551e-05  -2.3176418702526914e-05  -4.2815274850829356e-06   5.3296200282192011e-06   3.5698041852271716e-06   2.0584870651899889e-06  -1.3373330215523944e-06   7.1150204683552616e-04  -7.4720436495746628e-04   1.7635043390160090e-05   1.0648395226104118e-05   1.0035598984110493e-03  -8.5831409943419534e-06   9.3506683501375136e-05
   9.2923600100010108e-05  -2.1856208439089900e-04   6.0324595898716537e-04  -4.4439608365884056e-03   1.7200110944911825e-03   1.3932291710494716e-03  -6.1551982862475486e-06  -5.9549745335970607e-04   1.1703810585544257e-03  -4.7634463083135511e-04   1.3159466268224991e-04   1.1900682441940201e-05   2.3997580631304708e-05  -2.0407797536782199e-06   3.1270780596873019e-05   1.0614798636866249e-04   3.2243114529599846e-04   3.9186933594629915e-03  -4.8711908289541203e-05  -1.0173171110648578e-04  -8.5831409943419534e-06   1.1385628583898521e-03  -1.0358695134503573e-03
   2.8529425536938024e-03  -8.1351265138209838e-02  -1.0014035531591960e-01   2.6458956297586800e-01  -1.1328151466366100e-01   4.0727427814649018e-02  -5.1061106972484158e-04   1.6514024840262775e-02  -1.1378747166157099e-01   1.9914593444766503e-02   3.9508107830095902e-03   1.9744559917884096e-03  -7.4916012480501953e-04  -5.8666682343148134e-05  -3.0952023304980979e-04  -1.0384954694931984e-03   8.3436018184987096e-02  -1.9030980514131773e-01   1.5056191987720187e-03   6.0867366878865434e-04   9.3506683501375136e-05  -1.0358695134503573e-03   1.1269326496058522e-01
