   1.3569762563194088e+00   3.7380592413877901e-03   5.1418210012260246e-01   6.1241196538571437e-03   2.9403542966819452e-04   1.6581451551599860e-01
   3.7380592413877901e-03   1.0125091211707225e-03   2.1186843909039000e-03   1.0487862922760255e-05  -2.7830670310672439e-06   4.2142105980832214e-04
   5.1418210012260246e-01   2.1186843909039000e-03   5.6989893068035427e+00  -8.8158542742546291e-04  -5.4972700268977480e-04  -2.6346749266237285e-01
   6.1241196538571437e-03   1.0487862922760255e-05  -8.8158542742546291e-04   1.0997853245063979e-03   2.4556963865719769e-05   9.0263526849593213e-04
   2.9403542966819452e-04  -2.7830670310672439e-06  -5.4972700268977480e-04   2.4556963865719769e-05   1.0104943510758527e-03  -4.3575985035269628e-05
   1.6581451551599860e-01   4.2142105980832214e-04  -2.6346749266237285e-01   9.0263526849593213e-04  -4.3575985035269628e-05   2.2920514483612111e+00
