   2.3481679058633946e+00   1.4950674137316301e-02  -5.6239417527065017e-03   3.0583728294394298e-02   3.0446162395019932e-01   2.0317663424476226e-01
   1.4950674137316301e-02   1.8139415639896264e-03   2.7694700277988888e-04  -7.4309769495742780e-06  -1.6617336827967353e-03  -4.5735299787506313e-04
  -5.6239417527065017e-03   2.7694700277988888e-04   1.1808967285781109e-03  -1.9588239305697733e-04  -2.0054637110284131e-03  -9.8671988225386832e-04
   3.0583728294394298e-02  -7.4309769495742780e-06  -1.9588239305697733e-04   1.5189065280084445e-03   4.5300935664516146e-03   2.5723376080342563e-03
   3.0446162395019932e-01  -1.6617336827967353e-03  -2.0054637110284131e-03   4.5300935664516146e-03   6.3950858715736178e-02   3.7632433242203084e-02
   2.0317663424476226e-01  -4.5735299787506313e-04  -9.8671988225386832e-04   2.5723376080342563e-03   3.7632433242203084e-02   5.4080974576828442e+00
