   2.3126847964733899e-02  -5.7283122599128607e-02   1.3105264491036777e-02  -1.0199148247546785e-01  -8.3976016470451817e-02   7.0719754145881109e-02  -2.9736425438912042e-02  -6.5040509383635474e-03  -1.5682404783011770e-04  -1.7272054946598854e-03  -1.2779990415000130e-02   2.1668799665351749e-04  -6.1938905564241041e-04   3.5489605853505739e-04  -2.3850448910835568e-04  -5.1287050254723606e-05  -3.5731717510381583e-03  -9.2441413330237084e-03   2.9216898604619314e-04   8.4844225935972145e-04   1.6549457883312737e-04  -6.6037539127530365e-04  -6.0791006618194339e-03
  -5.7283122599128607e-02   2.4558925565355461e-01  -5.3746922030149177e-02   4.1918035967576583e-01   3.5964559696812820e-01  -3.3524575024227288e-01   1.2243292684456718e-01   1.2816823568749698e-02   5.1570566563580653e-03   6.8444233254036976e-03   1.2989396963035763e-01  -7.9732745698361416e-04   2.2410970168072948e-03  -2.2909869911075333e-03   3.2996142128160844e-03   1.0072614117591990e-03  -2.2666203084065962e-02   7.7859655024974661e-02  -1.1460132679954568e-03  -5.1513857609484792e-03  -6.8181562766825071e-04   3.4071456188372743e-03  -3.5686609854804423e-02
   1.3105264491036777e-02  -5.3746922030149177e-02   9.4355628565005220e-02  -1.2016997121528306e-01  -8.5370873484441931e-02   7.3145820638536266e-02  -7.1607214094697126e-03  -4.5879402272043429e-02  -3.0900583687468908e-03  -3.0582456469310175e-04   2.3589319208713062e-02   6.7282635278240275e-06  -1.2054942143562582e-04   8.6770104922138784e-04  -2.5971532603451871e-04   1.8280633658914134e-04   2.5211905854106723e-02  -2.7912465404660566e-02   3.4425389479194918e-05  -2.9180203841876998e-04   9.8681803092136181e-05   4.0138752265644831e-05  -4.0148535030536329e-02
  -1.0199148247546785e-01   4.1918035967576583e-01  -1.2016997121528306e-01   7.6623195796278909e-01   6.3497802533010173e-01  -5.7888830937923308e-01   2.1423209251641703e-01   4.7924622608383080e-02   8.3791489422283798e-03   1.2160351872759299e-02   1.9590781202535867e-01  -1.3913700457068769e-03   4.1623601566660937e-03  -3.8444330284750556e-03   8.4141551552010703e-03   3.3467916442870369e-03  -3.8570387969639401e-02   1.4553394086793006e-01  -2.0526168689882092e-03  -1.1028551627084065e-02  -1.2253274405678543e-03   7.4075502044839000e-03  -4.1958481646785249e-02
  -8.3976016470451817e-02   3.5964559696812820e-01  -8.5370873484441931e-02   6.3497802533010173e-01   5.6104490456139811e-01  -5.1187335415593216e-01   1.9330695531837006e-01   2.1433603856333056e-02   7.6559634195083126e-03   1.0864313307142940e-02   2.1666335158722722e-01  -1.2190273402850637e-03   3.5889250059959357e-03  -3.3501655356243543e-03   7.1993424614394674e-03   2.3725746306658721e-03  -4.1018639949100572e-02   1.4601333562209742e-01  -1.8300592420829643e-03  -9.3230620532506348e-03  -1.0363225566788056e-03   5.8710342394748000e-03  -6.9476887336654011e-02
   7.0719754145881109e-02  -3.3524575024227288e-01   7.3145820638536266e-02  -5.7888830937923308e-01  -5.1187335415593216e-01   4.8572481873332751e-01  -1.7484094872497835e-01  -8.8959984872667795e-03  -5.5826723009620898e-03  -1.0048340799222658e-02  -2.2154628110989305e-01   1.0986315983699097e-03  -3.4219716636897171e-03   2.8700655425601507e-03  -5.2301293697158925e-03  -1.3905293828111746e-03   4.6339654013990671e-02  -1.3813831937704246e-01   1.5189300527268601e-03   7.4787091116607016e-03   9.2958218391922911e-04  -4.6621937329544925e-03   7.9748412295875648e-02
  -2.9736425438912042e-02   1.2243292684456718e-01  -7.1607214094697126e-03   2.1423209251641703e-01   1.9330695531837006e-01  -1.7484094872497835e-01   8.1511430804164869e-02   6.2914288703276968e-04   3.0298910141026477e-03   4.3749474837898187e-03   9.0605753626966420e-02  -4.7542449180860291e-04   1.2869615507735657e-03  -1.2223132848569367e-03   2.8248997552510540e-03   1.2888604297404010e-03  -7.3206404038711238e-03   5.2720120589463751e-02  -6.7461171250090201e-04  -4.5263746296826026e-03  -3.8184251642775177e-04   2.5893937772996649e-03  -3.6961165931082181e-02
  -6.5040509383635474e-03   1.2816823568749698e-02  -4.5879402272043429e-02   4.7924622608383080e-02   2.1433603856333056e-02  -8.8959984872667795e-03   6.2914288703276968e-04   3.5909895703552172e-02   2.9813729448755072e-03  -1.5574231715501463e-04  -4.0529767904082518e-02   2.5658266708924677e-05  -2.4270764260122597e-04  -6.1875424217756869e-04   9.9761325480238975e-04   8.5657056826861052e-04  -2.8554690653034486e-03   7.0469794399897340e-04  -1.3843842211927975e-05  -9.5979606807546785e-04  -4.7987506339710794e-05   8.3236749424567421e-04   3.6988610057293911e-02
  -1.5682404783011770e-04   5.1570566563580653e-03  -3.0900583687468908e-03   8.3791489422283798e-03   7.6559634195083126e-03  -5.5826723009620898e-03   3.0298910141026477e-03   2.9813729448755072e-03   3.9903157945258803e-03   5.2667633833694795e-05   1.2377908778863076e-03  -4.8818370053781420e-05  -2.3545323735056563e-04  -5.5604988205389702e-04   9.1681832646100386e-04   6.0534884819090458e-04  -6.0508213663302537e-04   1.9796526480958206e-03  -1.4234672132303414e-04  -8.3505426556036049e-04  -4.1597985356086664e-05   7.3209256942231501e-04  -2.9548743741509458e-04
  -1.7272054946598854e-03   6.8444233254036976e-03  -3.0582456469310175e-04   1.2160351872759299e-02   1.0864313307142940e-02  -1.0048340799222658e-02   4.3749474837898187e-03  -1.5574231715501463e-04   5.2667633833694795e-05   1.8426689301235648e-03   5.0660333477886522e-03  -4.5074798158662090e-05   4.0712584903042462e-05  -1.7612232831019940e-05   5.3207370899264095e-04   3.3854749820136479e-04   5.0092690385846199e-04   2.5073916668181943e-03  -6.6212840166632238e-05  -6.2058380840448058e-04  -3.5287154621706453e-05   4.5251502080207270e-04  -1.4157778615049843e-03
  -1.2779990415000130e-02   1.2989396963035763e-01   2.3589319208713062e-02   1.9590781202535867e-01   2.1666335158722722e-01  -2.2154628110989305e-01   9.0605753626966420e-02  -4.0529767904082518e-02   1.2377908778863076e-03   5.0660333477886522e-03   1.9942914555598265e-01  -5.2704273265976849e-04   1.8480085876637911e-03  -9.3941277409150556e-04   2.9449184875287985e-03   1.9798089327788607e-04  -4.0002062469273007e-02   1.0465252707358559e-01  -7.8686804360669641e-04  -4.0953096902732276e-03  -3.5760025676323835e-04   1.5325026750443085e-03  -1.2224639216361580e-01
   2.1668799665351749e-04  -7.9732745698361416e-04   6.7282635278240275e-06  -1.3913700457068769e-03  -1.2190273402850637e-03   1.0986315983699097e-03  -4.7542449180860291e-04   2.5658266708924677e-05  -4.8818370053781420e-05  -4.5074798158662090e-05  -5.2704273265976849e-04   1.0251173318251393e-03  -2.3853428773910579e-05   2.0985654429108367e-05  -4.4299589497372944e-05  -2.7056258313973225e-05  -1.4967483968630795e-05  -2.8521500873896784e-04   9.1917136986186423e-06   4.4693591141778710e-05   9.0777823126276031e-06  -5.4744138390487549e-05   2.3478864260247315e-04
  -6.1938905564241041e-04   2.2410970168072948e-03  -1.2054942143562582e-04   4.1623601566660937e-03   3.5889250059959357e-03  -3.4219716636897171e-03   1.2869615507735657e-03  -2.4270764260122597e-04  -2.3545323735056563e-04   4.0712584903042462e-05   1.8480085876637911e-03  -2.3853428773910579e-05   1.1500254080951912e-03   2.1121087238618469e-05  -2.6733071435035062e-05  -5.2724662073494382e-05  -3.4866044257327863e-04   1.1940692195540304e-03  -1.0452874103209645e-05   1.5125288268254343e-05  -4.7692088706099571e-06  -4.8711742066309796e-05  -9.2926295741399231e-04
   3.5489605853505739e-04  -2.2909869911075333e-03   8.6770104922138784e-04  -3.8444330284750556e-03  -3.3501655356243543e-03   2.8700655425601507e-03  -1.2223132848569367e-03  -6.1875424217756869e-04  -5.5604988205389702e-04  -1.7612232831019940e-05  -9.3941277409150556e-04   2.0985654429108367e-05   2.1121087238618469e-05   1.1222486281739306e-03  -1.5573920131336190e-04  -9.7280135481767058e-05   3.2828118132630487e-04  -8.5191820608501083e-04   3.2812000228176856e-05   1.6342448467773698e-04   1.3053830199773900e-05  -1.3897396994207184e-04   3.0752662646838023e-04
  -2.3850448910835568e-04   3.2996142128160844e-03  -2.5971532603451871e-04   8.4141551552010703e-03   7.1993424614394674e-03  -5.2301293697158925e-03   2.8248997552510540e-03   9.9761325480238975e-04   9.1681832646100386e-04   5.3207370899264095e-04   2.9449184875287985e-03  -4.4299589497372944e-05  -2.6733071435035062e-05  -1.5573920131336190e-04   2.8673097787056266e-03   8.0752937213377646e-04  -2.4564329170221851e-04   3.5887328474724619e-03  -2.1720395967834264e-04  -1.2532292985974272e-03  -4.0351472246514003e-05   8.6537940915922462e-04  -3.0490268264686603e-03
  -5.1287050254723606e-05   1.0072614117591990e-03   1.8280633658914134e-04   3.3467916442870369e-03   2.3725746306658721e-03  -1.3905293828111746e-03   1.2888604297404010e-03   8.5657056826861052e-04   6.0534884819090458e-04   3.3854749820136479e-04   1.9798089327788607e-04  -2.7056258313973225e-05  -5.2724662073494382e-05  -9.7280135481767058e-05   8.0752937213377646e-04   1.6361370024454097e-03   8.9440328402236584e-04   5.4953028798210009e-04  -5.1532886610866098e-05  -6.8607628490778051e-04  -2.6829642512074269e-05   6.2848919032970250e-04  -3.0559665230164412e-04
  -3.5731717510381583e-03  -2.2666203084065962e-02   2.5211905854106723e-02  -3.8570387969639401e-02  -4.1018639949100572e-02   4.6339654013990671e-02  -7.3206404038711238e-03  -2.8554690653034486e-03  -6.0508213663302537e-04   5.0092690385846199e-04  -4.0002062469273007e-02  -1.4967483968630795e-05  -3.4866044257327863e-04   3.2828118132630487e-04  -2.4564329170221851e-04   8.9440328402236584e-04   3.6727249217957378e-02  -4.4934029219394551e-02   1.0332398889091544e-04  -3.0541889026861182e-04   2.2105022787804577e-06   9.2166730368334413e-04   3.3065715472058874e-02
  -9.2441413330237084e-03   7.7859655024974661e-02  -2.7912465404660566e-02   1.4553394086793006e-01   1.4601333562209742e-01  -1.3813831937704246e-01   5.2720120589463751e-02   7.0469794399897340e-04   1.9796526480958206e-03   2.5073916668181943e-03   1.0465252707358559e-01  -2.8521500873896784e-04   1.1940692195540304e-03  -8.5191820608501083e-04   3.5887328474724619e-03   5.4953028798210009e-04  -4.4934029219394551e-02   9.6932253992121284e-02  -7.0379889599475826e-04  -3.1370124675096259e-03  -2.1610890632330732e-04   1.1302332781633509e-03  -6.8792971412727721e-02
   2.9216898604619314e-04  -1.1460132679954568e-03   3.4425389479194918e-05  -2.0526168689882092e-03  -1.8300592420829643e-03   1.5189300527268601e-03  -6.7461171250090201e-04  -1.3843842211927975e-05  -1.4234672132303414e-04  -6.6212840166632238e-05  -7.8686804360669641e-04   9.1917136986186423e-06  -1.0452874103209645e-05   3.2812000228176856e-05  -2.1720395967834264e-04  -5.1532886610866098e-05   1.0332398889091544e-04  -7.0379889599475826e-04   1.1096742002866316e-03   1.2695106776874698e-04   6.3546039550887972e-06  -9.0316378386613296e-05   6.1315777957247637e-04
   8.4844225935972145e-04  -5.1513857609484792e-03  -2.9180203841876998e-04  -1.1028551627084065e-02  -9.3230620532506348e-03   7.4787091116607016e-03  -4.5263746296826026e-03  -9.5979606807546785e-04  -8.3505426556036049e-04  -6.2058380840448058e-04  -4.0953096902732276e-03   4.4693591141778710e-05   1.5125288268254343e-05   1.6342448467773698e-04  -1.2532292985974272e-03  -6.8607628490778051e-04  -3.0541889026861182e-04  -3.1370124675096259e-03   1.2695106776874698e-04   2.3921714268874666e-03   4.1846003649483980e-05  -7.7450494741472130e-04   2.5662226701687958e-03
   1.6549457883312737e-04  -6.8181562766825071e-04   9.8681803092136181e-05  -1.2253274405678543e-03  -1.0363225566788056e-03   9.2958218391922911e-04  -3.8184251642775177e-04  -4.7987506339710794e-05  -4.1597985356086664e-05  -3.5287154621706453e-05  -3.5760025676323835e-04   9.0777823126276031e-06  -4.7692088706099571e-06   1.3053830199773900e-05  -4.0351472246514003e-05  -2.6829642512074269e-05   2.2105022787804577e-06  -2.1610890632330732e-04   6.3546039550887972e-06   4.1846003649483980e-05   1.0048855278279713e-03  -4.2924663438805152e-05   1.1494194761148809e-04
  -6.6037539127530365e-04   3.4071456188372743e-03   4.0138752265644831e-05   7.4075502044839000e-03   5.8710342394748000e-03  -4.6621937329544925e-03   2.5893937772996649e-03   8.3236749424567421e-04   7.3209256942231501e-04   4.5251502080207270e-04   1.5325026750443085e-03  -5.4744138390487549e-05  -4.8711742066309796e-05  -1.3897396994207184e-04   8.6537940915922462e-04   6.2848919032970250e-04   9.2166730368334413e-04   1.1302332781633509e-03  -9.0316378386613296e-05  -7.7450494741472130e-04  -4.2924663438805152e-05   1.8158025256258055e-03  -7.1007912175850472e-04
  -6.0791006618194339e-03  -3.5686609854804423e-02  -4.0148535030536329e-02  -4.1958481646785249e-02  -6.9476887336654011e-02   7.9748412295875648e-02  -3.6961165931082181e-02   3.6988610057293911e-02  -2.9548743741509458e-04  -1.4157778615049843e-03  -1.2224639216361580e-01   2.3478864260247315e-04  -9.2926295741399231e-04   3.0752662646838023e-04  -3.0490268264686603e-03  -3.0559665230164412e-04   3.3065715472058874e-02  -6.8792971412727721e-02   6.1315777957247637e-04   2.5662226701687958e-03   1.1494194761148809e-04  -7.1007912175850472e-04   1.0670678425607881e-01
