   3.4942891130569969e+01   4.7986808713698631e-01   7.4675027578855274e-02   1.5285398174757608e-01   1.0662585717107530e-01   8.8053222073866722e-01   2.3807114575796820e-01   1.0518625849175816e+00  -4.6926596231809103e-01
   4.7986808713698631e-01   9.4579191311552773e+00  -5.9740645438543789e-04   1.7776378910963259e-01  -1.3721612157375954e-02   2.6097599539387826e+00  -4.7486662055362207e-02   9.0784236883273181e-02  -1.7004008563928680e-01
   7.4675027578855274e-02  -5.9740645438543789e-04   1.5135771253867419e-03   6.6428660230811983e-03   3.4447821975180752e-04   7.4476018816171793e-03   3.1525000025925902e-04  -1.1065163223416884e-03  -4.3484703990874889e-03
   1.5285398174757608e-01   1.7776378910963259e-01   6.6428660230811983e-03   3.4208592054462955e-01  -2.3516591494780218e-03   3.0249148946151910e-01  -2.4171826957393341e-03  -5.1201106316874467e-02  -1.5966671291552142e-01
   1.0662585717107530e-01  -1.3721612157375954e-02   3.4447821975180752e-04  -2.3516591494780218e-03   1.6230245773740199e-03   1.9254087927914152e-03   5.5318282945395890e-04   1.6807978675589526e-03  -8.1607895242265163e-04
   8.8053222073866722e-01   2.6097599539387826e+00   7.4476018816171793e-03   3.0249148946151910e-01   1.9254087927914152e-03   6.5995041369485294e+00  -1.1911026614153720e-01   9.4651073173211784e-03  -8.3602735471811318e-01
   2.3807114575796820e-01  -4.7486662055362207e-02   3.1525000025925902e-04  -2.4171826957393341e-03   5.5318282945395890e-04  -1.1911026614153720e-01   1.5972609784045549e-02   5.6244479757959157e-03   1.5292573818594271e-02
   1.0518625849175816e+00   9.0784236883273181e-02  -1.1065163223416884e-03  -5.1201106316874467e-02   1.6807978675589526e-03   9.4651073173211784e-03   5.6244479757959157e-03   7.7300587991314104e-02  -1.1381704771319082e-03
  -4.6926596231809103e-01  -1.7004008563928680e-01  -4.3484703990874889e-03  -1.5966671291552142e-01  -8.1607895242265163e-04  -8.3602735471811318e-01   1.5292573818594271e-02  -1.1381704771319082e-03   3.0996253272660526e+00
