   2.5456140139343054e-03   1.6058448632528450e-03   6.2354056371376079e-04   2.3499166210232932e-03   5.5825937952459520e-04  -3.9696927773751403e-04   4.9259829633539970e-04  -5.4751932423627043e-04   1.1484621938811013e-03  -1.9657543022152664e-03   2.9268738649975089e-03   9.0818184389083931e-06  -6.4978496601493785e-07  -7.7804452912757481e-09  -2.1559116612132128e-06   6.2798598474670284e-05  -4.3001663410294417e-04   5.0754956512956764e-04   1.1169068235015534e-04   2.1560228698057492e-04   4.6352969421762688e-07  -7.1037387631514346e-06  -1.5849734908688791e-04
   1.6058448632528450e-03   1.6878221253775468e-02   1.4494023262970933e-02   2.1468900786495018e-02   8.3328292222545569e-04  -4.3477292780911324e-03   9.6996344277713344e-03  -1.6539877924175959e-03   8.8314623175032372e-03  -7.7473668439633778e-03   3.6978227695306891e-03  -1.4209875810489516e-04   7.2899202579160106e-05  -1.4215530971941169e-04  -1.8790687839044065e-04  -6.8929046531365735e-04   4.3361549726097858e-04   3.9061692789770469e-03   5.8494361864453230e-05  -2.4537721944778278e-03  -4.6636113386159212e-05  -3.0743855917955306e-05   5.4288143514089207e-03
   6.2354056371376079e-04   1.4494023262970933e-02   3.5518437176338256e-02   3.3326363172397351e-02  -3.5839459773531535e-03  -1.4318326708558692e-02   1.6097119122397831e-02  -3.5021933657520526e-03   6.2158488430644355e-03   6.7062249616073521e-03  -9.8104174576186930e-03  -9.8507534945411655e-05   6.4487989831142419e-05  -1.0157317189608244e-04  -2.1826906914803310e-04  -3.6957676656342215e-04  -6.4018133441135182e-03   1.3475231168984242e-02   7.6700833506640844e-04  -1.8998179281228128e-03  -3.7706038076522988e-05   8.2820317421013271e-05   1.7538768300970242e-02
   2.3499166210232932e-03   2.1468900786495018e-02   3.3326363172397351e-02   4.4274196841626805e-02  -4.1147583512295121e-03  -1.0631278043218067e-02   1.8989038511441663e-02   6.2106682703535424e-04   1.2170141753232186e-02  -4.7284482813491433e-03  -2.9285667601374652e-03  -2.3759444368742452e-04   1.0568445721798621e-04  -1.9721919168520593e-04  -3.2690244466607280e-04  -8.9334698587169672e-04  -3.5427544277605236e-03   1.2398107875559039e-02   5.9407865262360571e-04  -3.4507953703150017e-03  -7.4367180457440279e-05   6.0053342479611317e-05   1.7902668243002955e-02
   5.5825937952459520e-04   8.3328292222545569e-04  -3.5839459773531535e-03  -4.1147583512295121e-03   6.7542845818424390e-03   4.3351136934286259e-04  -1.4183065464706793e-03  -4.9998637309716541e-03   1.1511567348737649e-03  -4.1306022999934287e-05   7.9590864932427476e-03   7.1789572528397724e-05  -2.7888723346687959e-06   8.1908752288201771e-06   6.0796412352159137e-05   2.0207216906132801e-04   7.9348299239147138e-04  -1.0778044749429434e-03  -3.4789337951833214e-05   5.6086189346661684e-04   1.2173487743920807e-05   7.2744604188608358e-05  -3.9760625479302479e-03
  -3.9696927773751403e-04  -4.3477292780911324e-03  -1.4318326708558692e-02  -1.0631278043218067e-02   4.3351136934286259e-04   1.2431783106033692e-02  -6.7394809242818186e-03   4.7644430077440668e-03   2.1514617389017904e-03  -6.5183681734483617e-03   1.1311160701274784e-02  -4.3018816693014005e-05  -4.4103591554071123e-06  -2.9196737674621141e-06   1.5814846774019411e-05  -2.8518083272120574e-04   3.7343374646043041e-03  -6.7934434932353256e-03  -7.4821333746317770e-04   2.0597284559361958e-04   2.5722936859892278e-08  -2.0396760870972693e-04  -4.3402572063903095e-03
   4.9259829633539970e-04   9.6996344277713344e-03   1.6097119122397831e-02   1.8989038511441663e-02  -1.4183065464706793e-03  -6.7394809242818186e-03   1.4110579234601366e-02  -1.0395528626253063e-03   4.0462051899177844e-03   1.1380032796853546e-03  -9.0855038962357020e-03  -3.5469543616551183e-05   7.1797344553826541e-05  -7.5130870584696612e-05  -5.3896733870057721e-05  -1.0332015149848989e-04  -2.1112064016016556e-03   6.3032814677943874e-03   5.8461840543662304e-04  -2.2369421246550016e-03  -1.7748221090609457e-05   1.5918524817427749e-04   7.5422694397859098e-03
  -5.4751932423627043e-04  -1.6539877924175959e-03  -3.5021933657520526e-03   6.2106682703535424e-04  -4.9998637309716541e-03   4.7644430077440668e-03  -1.0395528626253063e-03   9.3717066839133379e-03   5.3727440260634086e-04  -4.5513138231933021e-03  -2.1384445288209282e-03  -1.2384790418685200e-04   2.3530714252596998e-05  -3.2667722266399281e-05  -6.1368505580144657e-05  -3.9923223821156605e-04   1.5561362074891932e-03  -2.4322290915759965e-03  -3.0450023816368775e-04  -9.0311638576992277e-04  -2.0263651234007163e-05  -1.0698576334437975e-04   1.6227826417763672e-03
   1.1484621938811013e-03   8.8314623175032372e-03   6.2158488430644355e-03   1.2170141753232186e-02   1.1511567348737649e-03   2.1514617389017904e-03   4.0462051899177844e-03   5.3727440260634086e-04   1.0711214349555496e-02  -6.9773764092309993e-03   1.1676803479143162e-02  -7.7001402853821540e-05   3.6636105100426198e-05  -8.7218646916252356e-05  -1.0626924700399207e-04  -4.7734314731419033e-04   8.9569747697330025e-04   1.1732260940309214e-03  -2.3407216799339840e-04  -1.0762220937854704e-03  -2.3490178582380123e-05  -1.4026283945514981e-04   3.8688465590522160e-03
  -1.9657543022152664e-03  -7.7473668439633778e-03   6.7062249616073521e-03  -4.7284482813491433e-03  -4.1306022999934287e-05  -6.5183681734483617e-03   1.1380032796853546e-03  -4.5513138231933021e-03  -6.9773764092309993e-03   2.0312881928307134e-02  -1.1649692345802411e-02   1.7232070271238630e-04  -4.4785817642352918e-05   1.1485689592443131e-04   1.1236677822516056e-04   6.9950870612693768e-04  -5.0624311561900184e-03   5.3822980755093173e-03   6.8347037559725592e-04   1.1034696091582032e-03   4.2880123259036173e-05   1.3979921397604310e-04   4.3696735214847748e-03
   2.9268738649975089e-03   3.6978227695306891e-03  -9.8104174576186930e-03  -2.9285667601374652e-03   7.9590864932427476e-03   1.1311160701274784e-02  -9.0855038962357020e-03  -2.1384445288209282e-03   1.1676803479143162e-02  -1.1649692345802411e-02   4.0506206921210076e-02  -5.4375222648924627e-05  -3.9429000629784282e-05  -4.3477560871101411e-05  -1.0193853439156047e-04  -4.5844980614915371e-04   3.1847874177251202e-03  -4.7597263511151688e-03  -7.9462637772496284e-04   1.5056670447445364e-03  -1.6509164515118160e-05  -2.6136436537418939e-04  -3.9977065854183971e-03
   9.0818184389083931e-06  -1.4209875810489516e-04  -9.8507534945411655e-05  -2.3759444368742452e-04   7.1789572528397724e-05  -4.3018816693014005e-05  -3.5469543616551183e-05  -1.2384790418685200e-04  -7.7001402853821540e-05   1.7232070271238630e-04  -5.4375222648924627e-05   1.0458293681690389e-03  -5.9968586807532191e-06   1.7617747567314551e-05   1.9333154149538169e-05   3.4975688840893664e-05  -4.8536665503802244e-05   2.7815880983816562e-05  -1.2168970305995229e-05   8.0177617114798283e-05   1.0997075100884158e-05  -1.5923164351029293e-05  -9.2079359301756910e-05
  -6.4978496601493785e-07   7.2899202579160106e-05   6.4487989831142419e-05   1.0568445721798621e-04  -2.7888723346687959e-06  -4.4103591554071123e-06   7.1797344553826541e-05   2.3530714252596998e-05   3.6636105100426198e-05  -4.4785817642352918e-05  -3.9429000629784282e-05  -5.9968586807532191e-06   1.0274528791203545e-03  -4.6950418109794384e-06   7.5652661909301690e-06   5.2824249146715768e-06   3.7184759591056214e-06  -8.4573571783480929e-07  -6.3884995686334003e-06  -2.1701647619966871e-05   1.3133099125780154e-06  -6.7906027333542193e-06   3.4622306764992065e-05
  -7.7804452912757481e-09  -1.4215530971941169e-04  -1.0157317189608244e-04  -1.9721919168520593e-04   8.1908752288201771e-06  -2.9196737674621141e-06  -7.5130870584696612e-05  -3.2667722266399281e-05  -8.7218646916252356e-05   1.1485689592443131e-04  -4.3477560871101411e-05   1.7617747567314551e-05  -4.6950418109794384e-06   1.0109556705408572e-03   4.6813230322981379e-06   1.3492282078596902e-05  -2.6701764239531167e-05  -5.1539368729701050e-06   4.3856420535843587e-06   5.1430350274390744e-05   4.5775101327655718e-06  -7.8849335469818391e-06  -5.8758091814593494e-05
  -2.1559116612132128e-06  -1.8790687839044065e-04  -2.1826906914803310e-04  -3.2690244466607280e-04   6.0796412352159137e-05   1.5814846774019411e-05  -5.3896733870057721e-05  -6.1368505580144657e-05  -1.0626924700399207e-04   1.1236677822516056e-04  -1.0193853439156047e-04   1.9333154149538169e-05   7.5652661909301690e-06   4.6813230322981379e-06   1.0235503771876850e-03   6.0385562610485732e-05  -1.4277760509584463e-05  -4.7772124499334422e-05   3.5220935784260609e-06   4.6344404852609183e-05   5.1620139825748440e-06   8.2656951925387218e-08  -1.4322926701802277e-04
   6.2798598474670284e-05  -6.8929046531365735e-04  -3.6957676656342215e-04  -8.9334698587169672e-04   2.0207216906132801e-04  -2.8518083272120574e-04  -1.0332015149848989e-04  -3.9923223821156605e-04  -4.7734314731419033e-04   6.9950870612693768e-04  -4.5844980614915371e-04   3.4975688840893664e-05   5.2824249146715768e-06   1.3492282078596902e-05   6.0385562610485732e-05   1.2689358639814869e-03  -2.3298068214263942e-04   6.6375797354352616e-05   2.0317776861034326e-04   2.3955075742794534e-04   7.7875066660489261e-06   5.6461885273125748e-05  -4.0029579316631637e-04
  -4.3001663410294417e-04   4.3361549726097858e-04  -6.4018133441135182e-03  -3.5427544277605236e-03   7.9348299239147138e-04   3.7343374646043041e-03  -2.1112064016016556e-03   1.5561362074891932e-03   8.9569747697330025e-04  -5.0624311561900184e-03   3.1847874177251202e-03  -4.8536665503802244e-05   3.7184759591056214e-06  -2.6701764239531167e-05  -1.4277760509584463e-05  -2.3298068214263942e-04   4.6265484991749690e-03  -3.3830653305064930e-03  -3.2231759176125358e-04  -4.7006780366130245e-04  -1.0950015844347547e-05  -3.2318253994270072e-05  -3.4097714957181573e-03
   5.0754956512956764e-04   3.9061692789770469e-03   1.3475231168984242e-02   1.2398107875559039e-02  -1.0778044749429434e-03  -6.7934434932353256e-03   6.3032814677943874e-03  -2.4322290915759965e-03   1.1732260940309214e-03   5.3822980755093173e-03  -4.7597263511151688e-03   2.7815880983816562e-05  -8.4573571783480929e-07  -5.1539368729701050e-06  -4.7772124499334422e-05   6.6375797354352616e-05  -3.3830653305064930e-03   8.2317747051422630e-03   4.3853228872994397e-04  -1.9109539608404681e-04  -9.4586155739426695e-07   1.0523524375934964e-04   6.8826036655365349e-03
   1.1169068235015534e-04   5.8494361864453230e-05   7.6700833506640844e-04   5.9407865262360571e-04  -3.4789337951833214e-05  -7.4821333746317770e-04   5.8461840543662304e-04  -3.0450023816368775e-04  -2.3407216799339840e-04   6.8347037559725592e-04  -7.9462637772496284e-04  -1.2168970305995229e-05  -6.3884995686334003e-06   4.3856420535843587e-06   3.5220935784260609e-06   2.0317776861034326e-04  -3.2231759176125358e-04   4.3853228872994397e-04   1.5262516088549844e-03  -1.1725381888978812e-04  -5.9648503094812285e-06   1.2191786022378098e-04   1.1348665704783815e-04
   2.1560228698057492e-04  -2.4537721944778278e-03  -1.8998179281228128e-03  -3.4507953703150017e-03   5.6086189346661684e-04   2.0597284559361958e-04  -2.2369421246550016e-03  -9.0311638576992277e-04  -1.0762220937854704e-03   1.1034696091582032e-03   1.5056670447445364e-03   8.0177617114798283e-05  -2.1701647619966871e-05   5.1430350274390744e-05   4.6344404852609183e-05   2.3955075742794534e-04  -4.7006780366130245e-04  -1.9109539608404681e-04  -1.1725381888978812e-04   2.6371058014961111e-03   2.1153384261227264e-05  -5.9387995020738424e-05  -1.1342970535284820e-03
   4.6352969421762688e-07  -4.6636113386159212e-05  -3.7706038076522988e-05  -7.4367180457440279e-05   1.2173487743920807e-05   2.5722936859892278e-08  -1.7748221090609457e-05  -2.0263651234007163e-05  -2.3490178582380123e-05   4.2880123259036173e-05  -1.6509164515118160e-05   1.0997075100884158e-05   1.3133099125780154e-06   4.5775101327655718e-06   5.1620139825748440e-06   7.7875066660489261e-06  -1.0950015844347547e-05  -9.4586155739426695e-07  -5.9648503094812285e-06   2.1153384261227264e-05   1.0032070904006352e-03  -8.0205543889620728e-06  -2.4254115301507839e-05
  -7.1037387631514346e-06  -3.0743855917955306e-05   8.2820317421013271e-05   6.0053342479611317e-05   7.2744604188608358e-05  -2.0396760870972693e-04   1.5918524817427749e-04  -1.0698576334437975e-04  -1.4026283945514981e-04   1.3979921397604310e-04  -2.6136436537418939e-04  -1.5923164351029293e-05  -6.7906027333542193e-06  -7.8849335469818391e-06   8.2656951925387218e-08   5.6461885273125748e-05  -3.2318253994270072e-05   1.0523524375934964e-04   1.2191786022378098e-04  -5.9387995020738424e-05  -8.0205543889620728e-06   1.1662816890281502e-03  -2.8652565340687288e-05
  -1.5849734908688791e-04   5.4288143514089207e-03   1.7538768300970242e-02   1.7902668243002955e-02  -3.9760625479302479e-03  -4.3402572063903095e-03   7.5422694397859098e-03   1.6227826417763672e-03   3.8688465590522160e-03   4.3696735214847748e-03  -3.9977065854183971e-03  -9.2079359301756910e-05   3.4622306764992065e-05  -5.8758091814593494e-05  -1.4322926701802277e-04  -4.0029579316631637e-04  -3.4097714957181573e-03   6.8826036655365349e-03   1.1348665704783815e-04  -1.1342970535284820e-03  -2.4254115301507839e-05  -2.8652565340687288e-05   1.3564672768527637e-02