   1.2610260538406182e-02   1.8720539414507370e-01  -6.2101369774112271e-02  -5.4326436387579821e-02  -1.5882299452932436e-01  -2.2274969809623638e-02   2.9443788728829110e-02  -7.0807846488413319e-03   5.4924580058461504e-03  -3.7305861062922267e-02   7.2060234359035743e-03  -3.2584644642619895e-03   9.0557010559357392e-05  -2.6520972032701381e-03  -2.1157203573310590e-03  -2.7115421972838085e-04   5.5313139121233770e-02  -2.2594330588223685e-01  -2.4727249768270582e-02  -4.7677278785992788e-02  -1.5886348560991868e-03  -2.8272468263855033e-03  -8.2640908806000779e-02
   1.8720539414507370e-01   4.0291333216868068e+00  -1.2759933591887549e+00  -1.1722879172809646e+00  -3.4581520457114121e+00  -4.0525826144970639e-01   6.5460043142681390e-01  -1.6229090424038090e-01   1.8981963787053513e-01  -8.5528646291609367e-01   1.4749498293935351e-01  -6.4287461713415470e-02  -2.4759093352289593e-03  -6.0580652843610874e-02  -9.2332264205699302e-02   9.7501020032436441e-04   1.1923617139723568e+00  -4.8210187746844815e+00  -5.2251693110381325e-01  -1.0232150060605272e+00  -3.2212737040568512e-02  -5.4378123095290429e-02  -1.7825948882344260e+00
  -6.2101369774112271e-02  -1.2759933591887549e+00   4.1184757430329844e-01   3.7224135015461474e-01   1.0949776870482408e+00   1.3407878277933480e-01  -2.0457477637114888e-01   5.1403683571112718e-02  -5.5621754624552912e-02   2.6812772804338791e-01  -4.7363488313479134e-02   1.8637850865059355e-02   4.7659711574844738e-04   1.8096671590364682e-02   2.7651860723106998e-02  -1.7351163921890712e-03  -3.7789900307422086e-01   1.5334898723100310e+00   1.6666277563600326e-01   3.2252170170230438e-01   9.5461736583262319e-03   1.7974843529288676e-02   5.6398202314379864e-01
  -5.4326436387579821e-02  -1.1722879172809646e+00   3.7224135015461474e-01   3.4591247175375039e-01   1.0078261959433887e+00   1.1634932464643397e-01  -1.8979691267399992e-01   4.6820925134609018e-02  -5.8720606497500209e-02   2.5123063857456940e-01  -4.3219810515032916e-02   1.7174016042780290e-02   7.3058065309389785e-04   1.7195485683476466e-02   2.8765931709990467e-02  -1.6991764589304513e-03  -3.4691883275350982e-01   1.4035428501886364e+00   1.5264128069042932e-01   2.9613743378067342e-01   8.7950817933005691e-03   1.6194778866987964e-02   5.1896524475266859e-01
  -1.5882299452932436e-01  -3.4581520457114121e+00   1.0949776870482408e+00   1.0078261959433887e+00   2.9824972605182061e+00   3.4200808958473838e-01  -5.6402615336545958e-01   1.3758379879063978e-01  -1.6410093422124264e-01   7.3674656966302121e-01  -1.2587753566539145e-01   5.3211502169701740e-02   2.0462404327494174e-03   5.1337316098710235e-02   8.1671360999956824e-02  -2.8752118225462580e-03  -1.0223477026904555e+00   4.1454844938500424e+00   4.5081927982327247e-01   8.7950628737550529e-01   2.6911192768783405e-02   4.7403435250252070e-02   1.5325993064457584e+00
  -2.2274969809623638e-02  -4.0525826144970639e-01   1.3407878277933480e-01   1.1634932464643397e-01   3.4200808958473838e-01   5.7023598069961760e-02  -6.2614962780069186e-02   1.8984988867642664e-02  -1.5035443850846002e-02   8.4101626703518256e-02  -1.6965950273395890e-02   5.4515286605347222e-03  -6.3863330510720051e-05   5.3278704975202682e-03   5.2425562364976155e-03  -6.8019965555545284e-04  -1.1839672679370387e-01   4.8980588614076009e-01   5.2780937365983126e-02   1.0013551748011698e-01   2.8524508183554132e-03   6.1221191498643550e-03   1.7901109896510825e-01
   2.9443788728829110e-02   6.5460043142681390e-01  -2.0457477637114888e-01  -1.8979691267399992e-01  -5.6402615336545958e-01  -6.2614962780069186e-02   1.1028974764156371e-01  -2.6086007556150925e-02   3.2398743998933305e-02  -1.4018660445681849e-01   2.3904612332944913e-02  -1.1816125651976227e-02  -5.3250077791203870e-04  -1.0541274102546285e-02  -1.5086782977187869e-02  -9.5832028174131216e-04   1.9280127039790212e-01  -7.8164642528415174e-01  -8.4858555167576094e-02  -1.6873097203347870e-01  -5.7557886219899322e-03  -8.4892987090129362e-03  -2.9056548988134284e-01
  -7.0807846488413319e-03  -1.6229090424038090e-01   5.1403683571112718e-02   4.6820925134609018e-02   1.3758379879063978e-01   1.8984988867642664e-02  -2.6086007556150925e-02   9.6666106345012076e-03  -9.8568093402306052e-03   3.5957066556067042e-02  -6.6618218945315270e-03   3.2970084940698676e-03   2.4959532028555288e-04   2.8727998137480222e-03   3.7771521881425833e-03   6.3334986024523774e-04  -4.7727605570506391e-02   1.9317269932014888e-01   2.0388552876454337e-02   4.1571889145090878e-02   1.5711351665963914e-03   1.9271839136084398e-03   7.2467136788179634e-02
   5.4924580058461504e-03   1.8981963787053513e-01  -5.5621754624552912e-02  -5.8720606497500209e-02  -1.6410093422124264e-01  -1.5035443850846002e-02   3.2398743998933305e-02  -9.8568093402306052e-03   2.4875111669844154e-02  -5.1595818530126972e-02   8.0319686958072248e-03  -3.6619595139282448e-03  -7.7797234039348611e-04  -4.1301748952181890e-03  -9.5850407528927303e-03  -4.0047742014804905e-04   5.4112658340751074e-02  -2.2107157739255334e-01  -2.3284419077126348e-02  -4.8533150558159710e-02  -1.7781449252694105e-03  -1.9055230160380976e-03  -8.7556099974757162e-02
  -3.7305861062922267e-02  -8.5528646291609367e-01   2.6812772804338791e-01   2.5123063857456940e-01   7.3674656966302121e-01   8.4101626703518256e-02  -1.4018660445681849e-01   3.5957066556067042e-02  -5.1595818530126972e-02   1.9303632591963579e-01  -3.2067147912944759e-02   1.3493725459010028e-02   1.0587065404941021e-03   1.3556885307463086e-02   2.4030154428419936e-02  -4.0611230319910100e-04  -2.5028347062720196e-01   1.0211085259942640e+00   1.1019284374608908e-01   2.1704479156837300e-01   6.8022515145706548e-03   1.1205646924397688e-02   3.8200643320667516e-01
   7.2060234359035743e-03   1.4749498293935351e-01  -4.7363488313479134e-02  -4.3219810515032916e-02  -1.2587753566539145e-01  -1.6965950273395890e-02   2.3904612332944913e-02  -6.6618218945315270e-03   8.0319686958072248e-03  -3.2067147912944759e-02   8.0800706784739489e-03  -2.2760134734119016e-03  -3.8517027497473175e-05  -2.2408990957767370e-03  -3.0753165565760177e-03   8.6691806164293172e-05   4.3134196106955881e-02  -1.7646026153045757e-01  -1.9118140407660120e-02  -3.7054700999171485e-02  -1.1456783744997632e-03  -2.0710909744382699e-03  -6.5240856940418770e-02
  -3.2584644642619895e-03  -6.4287461713415470e-02   1.8637850865059355e-02   1.7174016042780290e-02   5.3211502169701740e-02   5.4515286605347222e-03  -1.1816125651976227e-02   3.2970084940698676e-03  -3.6619595139282448e-03   1.3493725459010028e-02  -2.2760134734119016e-03   5.3652046443060410e-03   2.3692333213912956e-04   2.3790132460666824e-03   2.6665773379501673e-04   2.9093477262334324e-03  -1.9158588080844977e-02   7.3216592461855218e-02   7.3648517672168009e-03   2.0241824081519876e-02   1.7734886866255265e-03   1.1726836902495040e-04   2.9639298851762509e-02
   9.0557010559357392e-05  -2.4759093352289593e-03   4.7659711574844738e-04   7.3058065309389785e-04   2.0462404327494174e-03  -6.3863330510720051e-05  -5.3250077791203870e-04   2.4959532028555288e-04  -7.7797234039348611e-04   1.0587065404941021e-03  -3.8517027497473175e-05   2.3692333213912956e-04   1.1178872605773324e-03   1.6229522959904807e-04   3.3901536392172649e-04   1.8735816050850749e-04  -7.1505591204132108e-04   2.5009213971300820e-03   1.4341357326408776e-04   9.0397561288934442e-04   1.0165091662121619e-04  -8.5117344744411896e-05   1.2748061579833164e-03
  -2.6520972032701381e-03  -6.0580652843610874e-02   1.8096671590364682e-02   1.7195485683476466e-02   5.1337316098710235e-02   5.3278704975202682e-03  -1.0541274102546285e-02   2.8727998137480222e-03  -4.1301748952181890e-03   1.3556885307463086e-02  -2.2408990957767370e-03   2.3790132460666824e-03   1.6229522959904807e-04   2.5883790487771772e-03   1.2356474425037874e-03   1.2110949068134670e-03  -1.7861621304218849e-02   7.0533798551355234e-02   7.3711557555071316e-03   1.7063144002955204e-02   1.0189591092143061e-03   4.6013073531499287e-04   2.7549880047433341e-02
  -2.1157203573310590e-03  -9.2332264205699302e-02   2.7651860723106998e-02   2.8765931709990467e-02   8.1671360999956824e-02   5.2425562364976155e-03  -1.5086782977187869e-02   3.7771521881425833e-03  -9.5850407528927303e-03   2.4030154428419936e-02  -3.0753165565760177e-03   2.6665773379501673e-04   3.3901536392172649e-04   1.2356474425037874e-03   7.3781369438421611e-03  -1.1825600798790578e-03  -2.7312342617284307e-02   1.0946923543183201e-01   1.1568662390519641e-02   2.1919249335758999e-02   2.9475590212820006e-04   1.1337101654473928e-03   4.1244033240080857e-02
  -2.7115421972838085e-04   9.7501020032436441e-04  -1.7351163921890712e-03  -1.6991764589304513e-03  -2.8752118225462580e-03  -6.8019965555545284e-04  -9.5832028174131216e-04   6.3334986024523774e-04  -4.0047742014804905e-04  -4.0611230319910100e-04   8.6691806164293172e-05   2.9093477262334324e-03   1.8735816050850749e-04   1.2110949068134670e-03  -1.1825600798790578e-03   3.5970817962539931e-03   1.9938886672211771e-04  -4.4695478414749105e-03  -1.0622685457283426e-03   3.1109399925256151e-03   1.0964169388568174e-03  -6.7749260873072828e-04   5.4525867297694876e-04
   5.5313139121233770e-02   1.1923617139723568e+00  -3.7789900307422086e-01  -3.4691883275350982e-01  -1.0223477026904555e+00  -1.1839672679370387e-01   1.9280127039790212e-01  -4.7727605570506391e-02   5.4112658340751074e-02  -2.5028347062720196e-01   4.3134196106955881e-02  -1.9158588080844977e-02  -7.1505591204132108e-04  -1.7861621304218849e-02  -2.7312342617284307e-02   1.9938886672211771e-04   3.5689158663641857e-01  -1.4262718208326248e+00  -1.5453521159642947e-01  -3.0297128790207450e-01  -9.5837193133596933e-03  -1.5964707410845862e-02  -5.2617791857858065e-01
  -2.2594330588223685e-01  -4.8210187746844815e+00   1.5334898723100310e+00   1.4035428501886364e+00   4.1454844938500424e+00   4.8980588614076009e-01  -7.8164642528415174e-01   1.9317269932014888e-01  -2.2107157739255334e-01   1.0211085259942640e+00  -1.7646026153045757e-01   7.3216592461855218e-02   2.5009213971300820e-03   7.0533798551355234e-02   1.0946923543183201e-01  -4.4695478414749105e-03  -1.4262718208326248e+00   5.7834814700690904e+00   6.2811321301777301e-01   1.2223232218955584e+00   3.7146853620272889e-02   6.6426340989984525e-02   2.1336106170371210e+00
  -2.4727249768270582e-02  -5.2251693110381325e-01   1.6666277563600326e-01   1.5264128069042932e-01   4.5081927982327247e-01   5.2780937365983126e-02  -8.4858555167576094e-02   2.0388552876454337e-02  -2.3284419077126348e-02   1.1019284374608908e-01  -1.9118140407660120e-02   7.3648517672168009e-03   1.4341357326408776e-04   7.3711557555071316e-03   1.1568662390519641e-02  -1.0622685457283426e-03  -1.5453521159642947e-01   6.2811321301777301e-01   6.9965637293015456e-02   1.3236466579591061e-01   3.8078805260579403e-03   7.5095952759636729e-03   2.3135589541996487e-01
  -4.7677278785992788e-02  -1.0232150060605272e+00   3.2252170170230438e-01   2.9613743378067342e-01   8.7950628737550529e-01   1.0013551748011698e-01  -1.6873097203347870e-01   4.1571889145090878e-02  -4.8533150558159710e-02   2.1704479156837300e-01  -3.7054700999171485e-02   2.0241824081519876e-02   9.0397561288934442e-04   1.7063144002955204e-02   2.1919249335758999e-02   3.1109399925256151e-03  -3.0297128790207450e-01   1.2223232218955584e+00   1.3236466579591061e-01   2.6780665154124894e-01   9.6686498244905258e-03   1.2931767554968974e-02   4.5517861355796646e-01
  -1.5886348560991868e-03  -3.2212737040568512e-02   9.5461736583262319e-03   8.7950817933005691e-03   2.6911192768783405e-02   2.8524508183554132e-03  -5.7557886219899322e-03   1.5711351665963914e-03  -1.7781449252694105e-03   6.8022515145706548e-03  -1.1456783744997632e-03   1.7734886866255265e-03   1.0165091662121619e-04   1.0189591092143061e-03   2.9475590212820006e-04   1.0964169388568174e-03  -9.5837193133596933e-03   3.7146853620272889e-02   3.8078805260579403e-03   9.6686498244905258e-03   1.7336615272562667e-03   1.4518748667103186e-04   1.4711211504883352e-02
  -2.8272468263855033e-03  -5.4378123095290429e-02   1.7974843529288676e-02   1.6194778866987964e-02   4.7403435250252070e-02   6.1221191498643550e-03  -8.4892987090129362e-03   1.9271839136084398e-03  -1.9055230160380976e-03   1.1205646924397688e-02  -2.0710909744382699e-03   1.1726836902495040e-04  -8.5117344744411896e-05   4.6013073531499287e-04   1.1337101654473928e-03  -6.7749260873072828e-04  -1.5964707410845862e-02   6.6426340989984525e-02   7.5095952759636729e-03   1.2931767554968974e-02   1.4518748667103186e-04   2.1677579602005039e-03   2.3903419739273318e-02
  -8.2640908806000779e-02  -1.7825948882344260e+00   5.6398202314379864e-01   5.1896524475266859e-01   1.5325993064457584e+00   1.7901109896510825e-01  -2.9056548988134284e-01   7.2467136788179634e-02  -8.7556099974757162e-02   3.8200643320667516e-01  -6.5240856940418770e-02   2.9639298851762509e-02   1.2748061579833164e-03   2.7549880047433341e-02   4.1244033240080857e-02   5.4525867297694876e-04  -5.2617791857858065e-01   2.1336106170371210e+00   2.3135589541996487e-01   4.5517861355796646e-01   1.4711211504883352e-02   2.3903419739273318e-02   7.9332801303174749e-01
