   2.7550954339160626e+01  -6.3624611379698290e+00   1.8750320823504743e-01   2.0971497188168868e+00   1.7309743359590343e-01   3.4820757482241793e-01   1.6859941995034347e-01   7.5495380326605310e-01   3.1951948726936386e-01
  -6.3624611379698290e+00   5.1499092994722595e+01  -1.0073734914228290e-01   1.9939835813012057e+00  -2.4551406708424658e-01   4.2709636569413174e+00  -2.6898651021227965e-01   2.2176679007840333e-01  -3.0779242831909196e-02
   1.8750320823504743e-01  -1.0073734914228290e-01   2.9986419029277094e-03   2.3444886112590237e-02   1.9340007974424068e-03  -2.0633261880731034e-04   1.8140909285542901e-03   4.5276458763062916e-05   1.2371716990011274e-03
   2.0971497188168868e+00   1.9939835813012057e+00   2.3444886112590237e-02   7.3881223990744944e+00   2.1032957838885361e-04   9.4473063944816515e-01  -7.5012944610538968e-03   3.5342118765770827e-02  -9.6722865263334484e-02
   1.7309743359590343e-01  -2.4551406708424658e-01   1.9340007974424068e-03   2.1032957838885361e-04   3.5538554538719451e-03  -1.1167221460766026e-02   2.2886959283449824e-03  -6.7448753471718880e-04   1.3787497813618373e-03
   3.4820757482241793e-01   4.2709636569413174e+00  -2.0633261880731034e-04   9.4473063944816515e-01  -1.1167221460766026e-02   6.8548713859352448e+00  -6.2321057229778438e-02   2.9325401078064424e-02   9.9377229528256096e-03
   1.6859941995034347e-01  -2.6898651021227965e-01   1.8140909285542901e-03  -7.5012944610538968e-03   2.2886959283449824e-03  -6.2321057229778438e-02   4.5161566318413834e-03  -8.0998618511106586e-04   8.9463097276937513e-04
   7.5495380326605310e-01   2.2176679007840333e-01   4.5276458763062916e-05   3.5342118765770827e-02  -6.7448753471718880e-04   2.9325401078064424e-02  -8.0998618511106586e-04   7.5365779122465962e-02   1.3764905559612369e-02
   3.1951948726936386e-01  -3.0779242831909196e-02   1.2371716990011274e-03  -9.6722865263334484e-02   1.3787497813618373e-03   9.9377229528256096e-03   8.9463097276937513e-04   1.3764905559612369e-02   2.9207472782449068e-01
