   1.5682483250059761e+01   3.7908086476784161e-02  -1.7081548550296137e-02   1.9176909550929225e-01   8.5546039777330107e-01  -3.8448995266939630e-02
   3.7908086476784161e-02   1.3485233438250436e-03   1.5398435246618452e-04  -4.4056794093915806e-05  -3.5500884150514738e-04   3.3489975978201556e-04
  -1.7081548550296137e-02   1.5398435246618452e-04   1.2398889606420615e-03  -7.7090150633507049e-04  -2.2732388937385219e-03   1.9230251569774321e-04
   1.9176909550929225e-01  -4.4056794093915806e-05  -7.7090150633507049e-04   4.9779946955583916e-03   1.3614000600809945e-02  -1.1327993506423614e-03
   8.5546039777330107e-01  -3.5500884150514738e-04  -2.2732388937385219e-03   1.3614000600809945e-02   7.9797853541813915e-02  -1.0469908110216634e-02
  -3.8448995266939630e-02   3.3489975978201556e-04   1.9230251569774321e-04  -1.1327993506423614e-03  -1.0469908110216634e-02   4.2411306304234109e-01
