   1.3563243008727969e-02   1.5695791483811086e-02   8.7438891268646637e-02  -1.1167749445166428e-01   3.5418428259881875e-02  -2.5329057458112963e-01   4.2364184349352151e-02  -8.9375028213495383e-02   2.0278637507040856e-02  -3.3606869937035627e-02   3.8713705204711804e-02   1.6816512028957207e-05  -2.8723591729935670e-04  -2.1553676670269177e-03  -2.0253945430536932e-04  -6.3397745883472380e-05   6.9291896233243444e-02  -5.1138861782013219e-02   1.2086110178235738e-03   2.5928887440967571e-03   2.5341081631915519e-06  -2.9977114614627547e-04  -1.7577157908027833e-02
   1.5695791483811086e-02   1.5651775054154843e-01   2.2641969023578085e-01  -8.6496382871230529e-02  -3.9989308862037082e-01  -2.1050750976539778e-01   1.7808942121223256e-01  -5.7567300163004029e-02   6.5302512344183383e-02   7.3383686129397760e-02   5.7348987741700871e-02  -1.8651711876438418e-04  -1.2513780878467828e-03  -6.3512947647870301e-03  -5.2487172086369274e-04  -1.7734747438402290e-04   2.9708682943469544e-01  -4.1505637127468092e-01   1.0558310701160090e-03   1.2339497343725053e-03  -2.9897981542402106e-04   2.9762293910777732e-05   5.0020909133978800e-04
   8.7438891268646637e-02   2.2641969023578085e-01   1.2318086087698228e+00  -1.3583157083213893e+00   4.4350465293242580e-01  -3.5415316564880239e+00   8.7764000858397095e-01  -1.2785533581264517e+00   1.2805364553857981e-01  -4.4599769139787343e-01   6.5698954179486346e-01  -1.8663587816409916e-04  -2.8057034445913539e-03  -1.9875157529893505e-02  -2.9848330269316389e-03  -5.1561441151741158e-04   7.3646975468187326e-01  -9.7221276980687921e-01   1.5846683626773515e-02   2.8062887416729698e-02  -7.0887399556324212e-05  -3.9306604272816249e-03  -1.6468682639588314e-01
  -1.1167749445166428e-01  -8.6496382871230529e-02  -1.3583157083213893e+00   1.8820581909402667e+00  -1.4680269695719719e+00   4.8216177915706373e+00  -8.5043974913608611e-01   1.7063164420530672e+00  -1.0391016756929392e-01   8.1181627267139811e-01  -7.4340444841894660e-01  -1.8000858965475726e-04   2.1752316465108060e-03   2.0221365796134417e-02   3.4450472485778607e-03   6.1072924333208079e-04  -6.6488939934827151e-01   5.6036151979916393e-01  -2.2118989779244761e-02  -4.0821092478710901e-02  -3.9359391200419593e-04   5.8154128027794018e-03   2.6103693988596555e-01
   3.5418428259881875e-02  -3.9989308862037082e-01   4.4350465293242580e-01  -1.4680269695719719e+00   3.4489626612077635e+00  -4.4003543443437554e+00   1.5027530332514846e-01  -1.3811150263278629e+00  -2.1406792188462259e-01  -1.1675359254288520e+00   2.6336251417873763e-01   9.4573463693792292e-04   3.0848472748414009e-03   6.6991243067774956e-03  -2.0430124952469735e-03  -4.7901724730192746e-04  -3.8228274328921003e-01   1.0652591753835408e+00   1.9174263701007780e-02   3.7631179634565290e-02   1.3854096510611574e-03  -5.9765344092062396e-03  -1.6885434271038668e-01
  -2.5329057458112963e-01  -2.1050750976539778e-01  -3.5415316564880239e+00   4.8216177915706373e+00  -4.4003543443437554e+00   1.3338188299009097e+01  -2.4307196008640934e+00   4.6089348829667918e+00  -9.3936197215437486e-02   2.2874696588894987e+00  -1.9646767784501158e+00  -2.7523180835370935e-04   3.8851970066681426e-03   4.0826701397029486e-02   9.8229764414034058e-03   1.6379270669522011e-03  -1.5113171687496352e+00   1.5935160140486970e+00  -5.9811646957630374e-02  -1.0762296828749590e-01  -1.0970727455126396e-03   1.5890644165203079e-02   5.8358206426640069e-01
   4.2364184349352151e-02   1.7808942121223256e-01   8.7764000858397095e-01  -8.5043974913608611e-01   1.5027530332514846e-01  -2.4307196008640934e+00   7.8313418312908034e-01  -9.5306657048630905e-01   6.9594586142332623e-03  -2.8013260995629574e-01   6.1206746268467616e-01  -3.9193687741848337e-04  -1.4159393971431742e-03  -7.4407042303397545e-03  -2.2989554768428930e-03  -1.6188643894848035e-04   3.8059506494817530e-01  -8.8584634404828055e-01   1.0296814977783144e-02   1.7141578223383868e-02  -1.3123534860473316e-04  -2.6658081768947029e-03  -1.0122294617970061e-01
  -8.9375028213495383e-02  -5.7567300163004029e-02  -1.2785533581264517e+00   1.7063164420530672e+00  -1.3811150263278629e+00   4.6089348829667918e+00  -9.5306657048630905e-01   1.7346751582633220e+00   1.0942355307591399e-02   7.8763847128184461e-01  -8.9029013455266059e-01   7.2515600317814155e-05   1.1816358550671014e-03   1.0713986208824400e-02   3.4821192262915936e-03   3.5188695499573932e-04  -4.0429466050489549e-01   6.4812279031631981e-01  -2.0340090060996296e-02  -3.7570606321578839e-02  -3.7949005824363031e-04   5.5517037677967123e-03   2.5040432455917461e-01
   2.0278637507040856e-02   6.5302512344183383e-02   1.2805364553857981e-01  -1.0391016756929392e-01  -2.1406792188462259e-01  -9.3936197215437486e-02   6.9594586142332623e-03   1.0942355307591399e-02   1.1824054607344478e-01   4.0632231344948741e-02  -6.0332563274770351e-02   5.9319086829795306e-05  -1.1679919155362217e-03  -9.0672144688886819e-03  -5.5427513326852111e-05  -1.2430289653423473e-04   2.7464372628231337e-01  -1.4852479153802325e-01   1.0664871573468999e-03   1.2503382798940588e-03  -1.0334511450336144e-04  -1.6458949066419384e-05  -6.0047949755131303e-03
  -3.3606869937035627e-02   7.3383686129397760e-02  -4.4599769139787343e-01   8.1181627267139811e-01  -1.1675359254288520e+00   2.2874696588894987e+00  -2.8013260995629574e-01   7.8763847128184461e-01   4.0632231344948741e-02   5.1689031751880388e-01  -2.8994377437849478e-01  -1.6959887307859119e-04  -3.8401014480500870e-04   1.5488926842991536e-03   1.4355263632717969e-03   1.5644202137084394e-04  -7.1905839646983716e-02  -4.9894945945486505e-02  -1.0587825667770428e-02  -1.9097131871881712e-02  -4.1097197874300460e-04   2.9142233121915930e-03   1.2839564839593531e-01
   3.8713705204711804e-02   5.7348987741700871e-02   6.5698954179486346e-01  -7.4340444841894660e-01   2.6336251417873763e-01  -1.9646767784501158e+00   6.1206746268467616e-01  -8.9029013455266059e-01  -6.0332563274770351e-02  -2.8994377437849478e-01   6.6781823607772650e-01  -3.3683326796804693e-04  -5.0042979617658044e-04  -5.6099750062702728e-04  -1.7844639660963418e-03   8.3210137596996634e-05   7.7491434546898358e-02  -5.5164944617467038e-01   8.3732110593941426e-03   1.5745590972522223e-02   5.4975817163872764e-05  -2.4016396866257039e-03  -1.4994226436471558e-01
   1.6816512028957207e-05  -1.8651711876438418e-04  -1.8663587816409916e-04  -1.8000858965475726e-04   9.4573463693792292e-04  -2.7523180835370935e-04  -3.9193687741848337e-04   7.2515600317814155e-05   5.9319086829795306e-05  -1.6959887307859119e-04  -3.3683326796804693e-04   1.0202776868977492e-03  -2.6574396662943942e-06  -1.9770584404152843e-06   6.6978748786895174e-06   5.6354936590648218e-07  -8.1421775920349204e-05   7.8902619303665422e-04  -5.3252407904763936e-06   4.1210654431304815e-06   5.7466624867706315e-06  -5.5672582373373402e-06   3.9746552677172198e-05
  -2.8723591729935670e-04  -1.2513780878467828e-03  -2.8057034445913539e-03   2.1752316465108060e-03   3.0848472748414009e-03   3.8851970066681426e-03  -1.4159393971431742e-03   1.1816358550671014e-03  -1.1679919155362217e-03  -3.8401014480500870e-04  -5.0042979617658044e-04  -2.6574396662943942e-06   1.0333255175946885e-03   1.2414614781560733e-04   8.7759715817387106e-06   3.1587087252863574e-06  -3.5801652420528515e-03   3.3907242136611846e-03  -2.5580179348965674e-05  -4.2259761917154812e-05   2.9389250222451867e-06  -1.1942469911375336e-06   1.9069383624926181e-04
  -2.1553676670269177e-03  -6.3512947647870301e-03  -1.9875157529893505e-02   2.0221365796134417e-02   6.6991243067774956e-03   4.0826701397029486e-02  -7.4407042303397545e-03   1.0713986208824400e-02  -9.0672144688886819e-03   1.5488926842991536e-03  -5.6099750062702728e-04  -1.9770584404152843e-06   1.2414614781560733e-04   1.9912612780209542e-03   2.7794854741400794e-05   1.8895401639014918e-05  -2.5009161077097268e-02   1.6189191031668410e-02  -1.8380392465196805e-04  -3.6220261140676441e-04   8.5809006033403057e-06   3.3372124034379811e-05   1.3269971585125790e-03
  -2.0253945430536932e-04  -5.2487172086369274e-04  -2.9848330269316389e-03   3.4450472485778607e-03  -2.0430124952469735e-03   9.8229764414034058e-03  -2.2989554768428930e-03   3.4821192262915936e-03  -5.5427513326852111e-05   1.4355263632717969e-03  -1.7844639660963418e-03   6.6978748786895174e-06   8.7759715817387106e-06   2.7794854741400794e-05   1.0161109445967656e-03   5.8974451748855461e-06  -1.4961140661589743e-03   2.2794776152312802e-03  -6.5264082009611345e-05  -9.2242074700188108e-05   1.8505980259153159e-06   9.6432279182595141e-06   4.5408866219957686e-04
  -6.3397745883472380e-05  -1.7734747438402290e-04  -5.1561441151741158e-04   6.1072924333208079e-04  -4.7901724730192746e-04   1.6379270669522011e-03  -1.6188643894848035e-04   3.5188695499573932e-04  -1.2430289653423473e-04   1.5644202137084394e-04   8.3210137596996634e-05   5.6354936590648218e-07   3.1587087252863574e-06   1.8895401639014918e-05   5.8974451748855461e-06   1.0197776988525142e-03  -5.4583978012318524e-04   1.6994028753798085e-04   3.5702768259590963e-06  -2.3009768440190372e-05   1.8507075267354054e-07   4.9396655350057051e-06  -5.2091810701842314e-05
   6.9291896233243444e-02   2.9708682943469544e-01   7.3646975468187326e-01  -6.6488939934827151e-01  -3.8228274328921003e-01  -1.5113171687496352e+00   3.8059506494817530e-01  -4.0429466050489549e-01   2.7464372628231337e-01  -7.1905839646983716e-02   7.7491434546898358e-02  -8.1421775920349204e-05  -3.5801652420528515e-03  -2.5009161077097268e-02  -1.4961140661589743e-03  -5.4583978012318524e-04   9.6658490096785232e-01  -8.1975385301742443e-01   8.4339260396282482e-03   1.2768022958504191e-02  -4.1291007375555305e-04  -1.3163702037337988e-03  -6.1099980861324850e-02
  -5.1138861782013219e-02  -4.1505637127468092e-01  -9.7221276980687921e-01   5.6036151979916393e-01   1.0652591753835408e+00   1.5935160140486970e+00  -8.8584634404828055e-01   6.4812279031631981e-01  -1.4852479153802325e-01  -4.9894945945486505e-02  -5.5164944617467038e-01   7.8902619303665422e-04   3.3907242136611846e-03   1.6189191031668410e-02   2.2794776152312802e-03   1.6994028753798085e-04  -8.1975385301742443e-01   1.5813488625401879e+00  -7.1122165158295390e-03  -9.0396499916228154e-03   7.4025269368627276e-04   1.2076250956485571e-03   5.6035498743682730e-02
   1.2086110178235738e-03   1.0558310701160090e-03   1.5846683626773515e-02  -2.2118989779244761e-02   1.9174263701007780e-02  -5.9811646957630374e-02   1.0296814977783144e-02  -2.0340090060996296e-02   1.0664871573468999e-03  -1.0587825667770428e-02   8.3732110593941426e-03  -5.3252407904763936e-06  -2.5580179348965674e-05  -1.8380392465196805e-04  -6.5264082009611345e-05   3.5702768259590963e-06   8.4339260396282482e-03  -7.1122165158295390e-03   1.5386591969564322e-03   4.9181033595993313e-04   2.7689473269095700e-06  -7.0848718688141114e-05  -3.2826637160599395e-03
   2.5928887440967571e-03   1.2339497343725053e-03   2.8062887416729698e-02  -4.0821092478710901e-02   3.7631179634565290e-02  -1.0762296828749590e-01   1.7141578223383868e-02  -3.7570606321578839e-02   1.2503382798940588e-03  -1.9097131871881712e-02   1.5745590972522223e-02   4.1210654431304815e-06  -4.2259761917154812e-05  -3.6220261140676441e-04  -9.2242074700188108e-05  -2.3009768440190372e-05   1.2768022958504191e-02  -9.0396499916228154e-03   4.9181033595993313e-04   2.2881641983005874e-03   1.0703818470940441e-05  -1.4333169316844055e-04  -6.0420557584812250e-03
   2.5341081631915519e-06  -2.9897981542402106e-04  -7.0887399556324212e-05  -3.9359391200419593e-04   1.3854096510611574e-03  -1.0970727455126396e-03  -1.3123534860473316e-04  -3.7949005824363031e-04  -1.0334511450336144e-04  -4.1097197874300460e-04   5.4975817163872764e-05   5.7466624867706315e-06   2.9389250222451867e-06   8.5809006033403057e-06   1.8505980259153159e-06   1.8507075267354054e-07  -4.1291007375555305e-04   7.4025269368627276e-04   2.7689473269095700e-06   1.0703818470940441e-05   1.0025370890928125e-03  -4.7709371545150115e-06  -5.5894064666850261e-05
  -2.9977114614627547e-04   2.9762293910777732e-05  -3.9306604272816249e-03   5.8154128027794018e-03  -5.9765344092062396e-03   1.5890644165203079e-02  -2.6658081768947029e-03   5.5517037677967123e-03  -1.6458949066419384e-05   2.9142233121915930e-03  -2.4016396866257039e-03  -5.5672582373373402e-06  -1.1942469911375336e-06   3.3372124034379811e-05   9.6432279182595141e-06   4.9396655350057051e-06  -1.3163702037337988e-03   1.2076250956485571e-03  -7.0848718688141114e-05  -1.4333169316844055e-04  -4.7709371545150115e-06   1.0465416794350078e-03   7.5240537613900768e-04
  -1.7577157908027833e-02   5.0020909133978800e-04  -1.6468682639588314e-01   2.6103693988596555e-01  -1.6885434271038668e-01   5.8358206426640069e-01  -1.0122294617970061e-01   2.5040432455917461e-01  -6.0047949755131303e-03   1.2839564839593531e-01  -1.4994226436471558e-01   3.9746552677172198e-05   1.9069383624926181e-04   1.3269971585125790e-03   4.5408866219957686e-04  -5.2091810701842314e-05  -6.1099980861324850e-02   5.6035498743682730e-02  -3.2826637160599395e-03  -6.0420557584812250e-03  -5.5894064666850261e-05   7.5240537613900768e-04   8.4860870286228449e-02
