1.698527351842120670e-01 -5.826619671696130903e-02 -1.007123696503196830e-01 -3.738297059181708293e-02 -3.909684005796208034e-02 -1.412962093845128997e-01 6.873309887835778176e-02 1.499965038674473117e-01 -5.513445452463173330e-03 2.352688649352590450e-02 -6.253127060907608115e-02 6.563644769382924460e-02 1.246660181224718417e-01 1.421827197595656837e-02 1.091120053922440269e-01 1.044176258067471214e-03 -1.426416101260866457e-03 -7.835470416215262537e-03 -4.132388215593047072e-04 -6.390248683561275574e-03 1.148662589845708681e-03 -2.822236076705208260e-03 9.603521034566195325e-02
-5.826619671696130903e-02 2.127449497164696571e-02 3.477569506195636595e-02 1.293082889982306513e-02 1.342356643251670784e-02 4.881297388576556068e-02 -2.376662753423625790e-02 -5.179519870389907160e-02 1.903215558660536003e-03 -8.182511141602984497e-03 2.160624350675555486e-02 -2.266786947451795986e-02 -4.301146667580622862e-02 -4.881882591001690877e-03 -3.776411009587356260e-02 -3.633419986967492037e-04 4.982799388020101071e-04 2.737155157210972769e-03 1.412658608361116324e-04 2.199923673046000772e-03 -3.982462253569943452e-04 9.841140319081656887e-04 -3.314046209950985422e-02
-1.007123696503196830e-01 3.477569506195636595e-02 6.149905492024662634e-02 2.205202518016400118e-02 2.342813554211702065e-02 8.428694035266035001e-02 -4.109464174345291848e-02 -8.965047536878441303e-02 3.387083859057641363e-03 -1.376746406585671427e-02 3.718157919515967941e-02 -3.928699811490173055e-02 -7.469716238839411993e-02 -8.445961249185769334e-03 -6.521159497848913467e-02 -6.520165755773418099e-04 8.607466470610949331e-04 4.745176699840258916e-03 1.969962970027436971e-04 3.701473419540929170e-03 -6.915162310560680342e-04 1.436497665235643168e-03 -5.747454173965952512e-02
-3.738297059181708293e-02 1.293082889982306513e-02 2.205202518016400118e-02 9.764576957115723987e-03 8.536257802916571991e-03 3.124911626095607659e-02 -1.512406167412302764e-02 -3.302349417489276739e-02 9.575846535135329332e-04 -5.337839032303576953e-03 1.409899193153890500e-02 -1.464769213321581547e-02 -2.735865144363426246e-02 -3.164064639286786555e-03 -2.403812637918891978e-02 -1.978054605027296524e-04 3.137421685547738090e-04 1.702433328235831251e-03 1.497564845763802908e-04 1.485142449526280842e-03 -2.481287426052927085e-04 9.620282597398729192e-04 -2.093874760385373152e-02
-3.909684005796208034e-02 1.342356643251670784e-02 2.342813554211702065e-02 8.536257802916571991e-03 1.020752526241980145e-02 3.268594499628194039e-02 -1.590781180098412365e-02 -3.481308337590327540e-02 1.330634610199822989e-03 -5.354687278266762399e-03 1.442479638024958023e-02 -1.522577242551997542e-02 -2.895454116935245945e-02 -3.287853469932676843e-03 -2.525645592791436744e-02 -2.425773016931520739e-04 3.240153344436852911e-04 1.801086670927051683e-03 8.563822522746328931e-05 1.472505475966580856e-03 -2.643555825968154889e-04 5.601085515320170221e-04 -2.229008205829222447e-02
-1.412962093845128997e-01 4.881297388576556068e-02 8.428694035266035001e-02 3.124911626095607659e-02 3.268594499628194039e-02 1.194646917673740927e-01 -5.761924677108984372e-02 -1.256129331315581632e-01 4.735883727910280422e-03 -1.980109257570461870e-02 5.229974886438835263e-02 -5.485156542413460734e-02 -1.043471916736249810e-01 -1.183752487292618130e-02 -9.148536490294004175e-02 -8.747310216793848609e-04 1.199382198441674256e-03 6.585408078322543823e-03 3.464431259669140269e-04 5.404180279748034381e-03 -9.603338995335285655e-04 2.295281547189871683e-03 -8.043503134471063909e-02
6.873309887835778176e-02 -2.376662753423625790e-02 -4.109464174345291848e-02 -1.512406167412302764e-02 -1.590781180098412365e-02 -5.761924677108984372e-02 2.919907481981861772e-02 6.112798663586252457e-02 -2.319424083059561884e-03 9.548721746640202387e-03 -2.537528687582296660e-02 2.674038038560690861e-02 5.092700436065662750e-02 5.812354886168311086e-03 4.457763251185083847e-02 4.652474686341354169e-04 -5.922544215653402109e-04 -3.278611722104959880e-03 -1.209135630339370181e-04 -2.490361391755535527e-03 4.823699083096618756e-04 -1.085588950386411457e-03 3.929461915041585623e-02
1.499965038674473117e-01 -5.179519870389907160e-02 -8.965047536878441303e-02 -3.302349417489276739e-02 -3.481308337590327540e-02 -1.256129331315581632e-01 6.112798663586252457e-02 1.345279745544939731e-01 -5.071737737118018306e-03 2.088846433998775565e-02 -5.550078151665816667e-02 5.823607593292243201e-02 1.109097574146830495e-01 1.257553588937363430e-02 9.707337892373696375e-02 9.160232355512606473e-04 -1.260570799475061810e-03 -6.962853609258155829e-03 -3.642236987932254860e-04 -5.737863212716406286e-03 1.012483071377758091e-03 -2.302693478017171173e-03 8.543787304549917139e-02
-5.513445452463173330e-03 1.903215558660536003e-03 3.387083859057641363e-03 9.575846535135329332e-04 1.330634610199822989e-03 4.735883727910280422e-03 -2.319424083059561884e-03 -5.071737737118018306e-03 1.495155775882494936e-03 -9.003550080024718761e-04 1.853792000466942397e-03 -1.918709864751436686e-03 -4.128596679976735510e-03 -3.778058153542687399e-04 -3.744637121427380616e-03 -3.885315175738744085e-05 3.643545074879929419e-05 2.348603801014622250e-04 -2.549306132857154673e-06 2.832239000668487251e-04 -3.635914076174487960e-05 -1.038933691678508870e-04 -3.332170512415911102e-03
2.352688649352590450e-02 -8.182511141602984497e-03 -1.376746406585671427e-02 -5.337839032303576953e-03 -5.354687278266762399e-03 -1.980109257570461870e-02 9.548721746640202387e-03 2.088846433998775565e-02 -9.003550080024718761e-04 4.863841543342450717e-03 -8.694749606996458186e-03 8.860201486537943455e-03 1.703978311264736645e-02 1.877235659311727927e-03 1.526555956461617992e-02 1.161924724171984881e-04 -1.779931388112686200e-04 -9.770892251958819032e-04 -1.128466203652380990e-04 -1.112211120660223885e-03 1.541724825314946064e-04 -5.792769475865420983e-04 1.332216309437812829e-02
-6.253127060907608115e-02 2.160624350675555486e-02 3.718157919515967941e-02 1.409899193153890500e-02 1.442479638024958023e-02 5.229974886438835263e-02 -2.537528687582296660e-02 -5.550078151665816667e-02 1.853792000466942397e-03 -8.694749606996458186e-03 2.445519216957435168e-02 -2.449146811611309371e-02 -4.611566732439575933e-02 -5.329941471995215847e-03 -4.031181852776209718e-02 -3.577636163065734667e-04 5.287899797393690558e-04 2.875877000059976537e-03 1.970050702605477479e-04 2.431540100630375824e-03 -4.170019201664548194e-04 1.224942954865063669e-03 -3.534058419660111861e-02
6.563644769382924460e-02 -2.266786947451795986e-02 -3.928699811490173055e-02 -1.464769213321581547e-02 -1.522577242551997542e-02 -5.485156542413460734e-02 2.674038038560690861e-02 5.823607593292243201e-02 -1.918709864751436686e-03 8.860201486537943455e-03 -2.449146811611309371e-02 2.699108730254015306e-02 4.865988197673821319e-02 5.641858856689433398e-03 4.235709890012421402e-02 4.296418664745179240e-04 -5.666545694687709529e-04 -3.117475333445162734e-03 -1.357512193974322507e-04 -2.319396954642947203e-03 4.572404667547461067e-04 -1.225974955732375086e-03 3.726133373918520675e-02
1.246660181224718417e-01 -4.301146667580622862e-02 -7.469716238839411993e-02 -2.735865144363426246e-02 -2.895454116935245945e-02 -1.043471916736249810e-01 5.092700436065662750e-02 1.109097574146830495e-01 -4.128596679976735510e-03 1.703978311264736645e-02 -4.611566732439575933e-02 4.865988197673821319e-02 9.364768008376393726e-02 1.059222566014348006e-02 8.066912894010133672e-02 8.245753963481762018e-04 -1.061965313722567457e-03 -5.884802130820577203e-03 -2.350557819425761646e-04 -4.546914869134097148e-03 8.659657325145490251e-04 -1.893515565050109912e-03 7.122547790921682220e-02
1.421827197595656837e-02 -4.881882591001690877e-03 -8.445961249185769334e-03 -3.164064639286786555e-03 -3.287853469932676843e-03 -1.183752487292618130e-02 5.812354886168311086e-03 1.257553588937363430e-02 -3.778058153542687399e-04 1.877235659311727927e-03 -5.329941471995215847e-03 5.641858856689433398e-03 1.059222566014348006e-02 2.407200653361897969e-03 9.129855759770034301e-03 1.146711010674319439e-04 -1.262839124861908115e-04 -6.901918152320921660e-04 -1.080312219268560624e-05 -4.333534711403248699e-04 1.084222640306746157e-04 -3.106844608692744744e-04 8.142800476601716811e-03
1.091120053922440269e-01 -3.776411009587356260e-02 -6.521159497848913467e-02 -2.403812637918891978e-02 -2.525645592791436744e-02 -9.148536490294004175e-02 4.457763251185083847e-02 9.707337892373696375e-02 -3.744637121427380616e-03 1.526555956461617992e-02 -4.031181852776209718e-02 4.235709890012421402e-02 8.066912894010133672e-02 9.129855759770034301e-03 7.182645645655215405e-02 6.996889075123941849e-04 -9.302458892589677945e-04 -5.121434215474925458e-03 -2.408167463324849690e-04 -4.130000448161166154e-03 7.505751839591750033e-04 -1.709947016599893841e-03 6.221761771159579901e-02
1.044176258067471214e-03 -3.633419986967492037e-04 -6.520165755773418099e-04 -1.978054605027296524e-04 -2.425773016931520739e-04 -8.747310216793848609e-04 4.652474686341354169e-04 9.160232355512606473e-04 -3.885315175738744085e-05 1.161924724171984881e-04 -3.577636163065734667e-04 4.296418664745179240e-04 8.245753963481762018e-04 1.146711010674319439e-04 6.996889075123941849e-04 1.036311496487365372e-03 -1.714140526501391405e-05 -6.472542826585672541e-05 1.873174921754984452e-05 1.097471965124989289e-05 1.910236906697250359e-05 -2.224508867587593917e-05 6.523995508789688647e-04
-1.426416101260866457e-03 4.982799388020101071e-04 8.607466470610949331e-04 3.137421685547738090e-04 3.240153344436852911e-04 1.199382198441674256e-03 -5.922544215653402109e-04 -1.260570799475061810e-03 3.643545074879929419e-05 -1.779931388112686200e-04 5.287899797393690558e-04 -5.666545694687709529e-04 -1.061965313722567457e-03 -1.262839124861908115e-04 -9.302458892589677945e-04 -1.714140526501391405e-05 1.030644269570856354e-03 7.943668498501787458e-05 3.150430654106626590e-06 4.674562810266047968e-05 -1.098160546777297141e-05 1.390022235831056751e-05 -8.144741980955059633e-04
-7.835470416215262537e-03 2.737155157210972769e-03 4.745176699840258916e-03 1.702433328235831251e-03 1.801086670927051683e-03 6.585408078322543823e-03 -3.278611722104959880e-03 -6.962853609258155829e-03 2.348603801014622250e-04 -9.770892251958819032e-04 2.875877000059976537e-03 -3.117475333445162734e-03 -5.884802130820577203e-03 -6.901918152320921660e-04 -5.121434215474925458e-03 -6.472542826585672541e-05 7.943668498501787458e-05 1.462209518786832842e-03 -9.130633481214279950e-06 1.920698502875711809e-04 -5.825416962736137348e-05 7.190123712617680935e-05 -4.526915859130418128e-03
-4.132388215593047072e-04 1.412658608361116324e-04 1.969962970027436971e-04 1.497564845763802908e-04 8.563822522746328931e-05 3.464431259669140269e-04 -1.209135630339370181e-04 -3.642236987932254860e-04 -2.549306132857154673e-06 -1.128466203652380990e-04 1.970050702605477479e-04 -1.357512193974322507e-04 -2.350557819425761646e-04 -1.080312219268560624e-05 -2.408167463324849690e-04 1.873174921754984452e-05 3.150430654106626590e-06 -9.130633481214279950e-06 1.029399975088387924e-03 8.991588068544320079e-05 5.066312092871454939e-06 3.511769805473247596e-05 -1.558372803993868206e-04
-6.390248683561275574e-03 2.199923673046000772e-03 3.701473419540929170e-03 1.485142449526280842e-03 1.472505475966580856e-03 5.404180279748034381e-03 -2.490361391755535527e-03 -5.737863212716406286e-03 2.832239000668487251e-04 -1.112211120660223885e-03 2.431540100630375824e-03 -2.319396954642947203e-03 -4.546914869134097148e-03 -4.333534711403248699e-04 -4.130000448161166154e-03 1.097471965124989289e-05 4.674562810266047968e-05 1.920698502875711809e-04 8.991588068544320079e-05 1.519577542656174157e-03 -2.398417742863551074e-05 1.260706134960202791e-04 -3.470371309755098613e-03
1.148662589845708681e-03 -3.982462253569943452e-04 -6.915162310560680342e-04 -2.481287426052927085e-04 -2.643555825968154889e-04 -9.603338995335285655e-04 4.823699083096618756e-04 1.012483071377758091e-03 -3.635914076174487960e-05 1.541724825314946064e-04 -4.170019201664548194e-04 4.572404667547461067e-04 8.659657325145490251e-04 1.084222640306746157e-04 7.505751839591750033e-04 1.910236906697250359e-05 -1.098160546777297141e-05 -5.825416962736137348e-05 5.066312092871454939e-06 -2.398417742863551074e-05 1.013278269327651162e-03 -3.050197771028372403e-05 6.730807719096639549e-04
-2.822236076705208260e-03 9.841140319081656887e-04 1.436497665235643168e-03 9.620282597398729192e-04 5.601085515320170221e-04 2.295281547189871683e-03 -1.085588950386411457e-03 -2.302693478017171173e-03 -1.038933691678508870e-04 -5.792769475865420983e-04 1.224942954865063669e-03 -1.225974955732375086e-03 -1.893515565050109912e-03 -3.106844608692744744e-04 -1.709947016599893841e-03 -2.224508867587593917e-05 1.390022235831056751e-05 7.190123712617680935e-05 3.511769805473247596e-05 1.260706134960202791e-04 -3.050197771028372403e-05 1.484489275066585906e-03 -1.415719130876170106e-03
9.603521034566195325e-02 -3.314046209950985422e-02 -5.747454173965952512e-02 -2.093874760385373152e-02 -2.229008205829222447e-02 -8.043503134471063909e-02 3.929461915041585623e-02 8.543787304549917139e-02 -3.332170512415911102e-03 1.332216309437812829e-02 -3.534058419660111861e-02 3.726133373918520675e-02 7.122547790921682220e-02 8.142800476601716811e-03 6.221761771159579901e-02 6.523995508789688647e-04 -8.144741980955059633e-04 -4.526915859130418128e-03 -1.558372803993868206e-04 -3.470371309755098613e-03 6.730807719096639549e-04 -1.415719130876170106e-03 5.608606837486391355e-02
