   2.3180385610420586e+01   7.0977829262839881e-02   6.2459849642815490e-01   7.0404023839733848e-02   8.2366771679879380e-01  -8.9250559460680404e-02
   7.0977829262839881e-02   1.4419460495463275e-03   5.9863364240813725e-03   1.7435513292740891e-04  -4.4525534946397853e-05  -2.2368343258443971e-03
   6.2459849642815490e-01   5.9863364240813725e-03   2.5234109649220021e-01  -4.1049863044588138e-03  -1.2239479968683730e-02  -7.7250558095384239e-02
   7.0404023839733848e-02   1.7435513292740891e-04  -4.1049863044588138e-03   1.6492529168621248e-03   2.2337382867702021e-03   1.5313864206500266e-03
   8.2366771679879380e-01  -4.4525534946397853e-05  -1.2239479968683730e-02   2.2337382867702021e-03   6.9309190710930363e-02   1.6415490611089826e-02
  -8.9250559460680404e-02  -2.2368343258443971e-03  -7.7250558095384239e-02   1.5313864206500266e-03   1.6415490611089826e-02   4.9268995776576724e-01
