   4.4554000240307934e+00   1.1489629353626780e+00   1.1150091690434292e-02   6.0318672277783767e-03   8.4813240318116663e-03  -1.1091690213803475e-01   1.1911873423290569e-02   3.7782531236231670e-01   2.0563913055282468e-01
   1.1489629353626780e+00   3.4566142933647960e+01   1.0814453478916571e-02   4.8451276716154235e-02  -4.4290157560077370e-02   4.3726288408810792e+00  -2.4222347158672444e-01   5.4571961719300767e-02  -2.4573682595661292e-01
   1.1150091690434292e-02   1.0814453478916571e-02   1.2364348568546907e-03   1.7723234788404293e-04   8.8881541605850356e-05   3.6044965728574511e-03   1.2607165026857280e-04  -1.1566830078652938e-03   4.0965679400120280e-03
   6.0318672277783767e-03   4.8451276716154235e-02   1.7723234788404293e-04   1.2876356560280317e-03  -7.9869466885203828e-05   4.8236536791832095e-03  -1.0815215296171864e-04  -8.3261950037275369e-04   1.9027534284007325e-03
   8.4813240318116663e-03  -4.4290157560077370e-02   8.8881541605850356e-05  -7.9869466885203828e-05   1.1918517209961851e-03  -1.3774697745317301e-03   2.8839376361553925e-04  -2.0839335623412141e-04   2.6446170706506547e-03
  -1.1091690213803475e-01   4.3726288408810792e+00   3.6044965728574511e-03   4.8236536791832095e-03  -1.3774697745317301e-03   9.4690315534034930e+00  -7.6225504939141209e-02  -3.4518022900110065e-02   3.5348390660626000e-01
   1.1911873423290569e-02  -2.4222347158672444e-01   1.2607165026857280e-04  -1.0815215296171864e-04   2.8839376361553925e-04  -7.6225504939141209e-02   4.2107138735243419e-03  -2.9682591387120892e-04   6.9556132801078089e-04
   3.7782531236231670e-01   5.4571961719300767e-02  -1.1566830078652938e-03  -8.3261950037275369e-04  -2.0839335623412141e-04  -3.4518022900110065e-02  -2.9682591387120892e-04   5.9810305717299929e-02  -1.6424717805898995e-02
   2.0563913055282468e-01  -2.4573682595661292e-01   4.0965679400120280e-03   1.9027534284007325e-03   2.6446170706506547e-03   3.5348390660626000e-01   6.9556132801078089e-04  -1.6424717805898995e-02   3.2730101750996421e+00
