   4.3489555098599375e+01   9.2394901451340827e-02  -4.4950257484498615e-02   3.8136534369970465e-01   1.2128043472776282e+00  -6.3328181280126088e-03
   9.2394901451340827e-02   1.5023873326800625e-03   5.1657942924767416e-04  -2.8569032564179951e-04  -8.8026283673399940e-04   1.5121658945844413e-04
  -4.4950257484498615e-02   5.1657942924767416e-04   3.3288438913212817e-03  -3.6387426193467700e-03  -6.6630045215214651e-03   3.1131709176152061e-04
   3.8136534369970465e-01  -2.8569032564179951e-04  -3.6387426193467700e-03   1.0781052559965660e-02   2.0957083911699537e-02  -1.4722814680440668e-03
   1.2128043472776282e+00  -8.8026283673399940e-04  -6.6630045215214651e-03   2.0957083911699537e-02   8.7339894513859082e-02  -3.1551477282823316e-03
  -6.3328181280126088e-03   1.5121658945844413e-04   3.1131709176152061e-04  -1.4722814680440668e-03  -3.1551477282823316e-03   7.9366281088557408e-02
