6.446118596551390745e+00 -8.096485209959977780e+00 4.688588614627894335e-01 1.071472350544264290e-01 -3.740483908938835866e-01 7.320200118523452482e-02 1.002596051500107999e+00 9.518527283807338979e-02 1.125089798010104301e-02 2.762709514075066819e-01
-8.096485209959977780e+00 1.086116965019271419e+01 -1.472676849557213119e+00 -1.414208441139415684e-01 1.229040048336773827e+00 -1.001325597413216389e-01 -2.013761390439473331e+00 -1.213542023419713622e-01 -1.070892097620031007e-02 -3.887033227215144771e-01
4.688588614627894335e-01 -1.472676849557213119e+00 3.382619394988748862e+00 2.236044815455901988e-02 -7.653227646786024685e-02 9.611898950342933484e-03 2.041478313321584359e+00 -3.996404857491924964e-03 -1.045954761719351984e-02 -9.204186329638328404e-03
1.071472350544264290e-01 -1.414208441139415684e-01 2.236044815455901988e-02 3.030740778368609667e-03 -2.315651602794836783e-03 1.311247433548889908e-03 2.088932530694156270e-02 1.575149735634290759e-03 -9.851990821951514803e-06 5.412689248501183215e-03
-3.740483908938835866e-01 1.229040048336773827e+00 -7.653227646786024685e-02 -2.315651602794836783e-03 8.085582380743643327e+00 -2.862415627824884887e-02 -7.981405533670586916e-01 -5.226254884144154213e-03 5.139476779608465919e-03 -5.560014112372072687e-02
7.320200118523452482e-02 -1.001325597413216389e-01 9.611898950342933484e-03 1.311247433548889908e-03 -2.862415627824884887e-02 2.105279313942649919e-03 2.170427483123261309e-02 1.046519030020305781e-03 -4.976983396471567242e-06 4.466917858647187142e-03
1.002596051500107999e+00 -2.013761390439473331e+00 2.041478313321584359e+00 2.088932530694156270e-02 -7.981405533670586916e-01 2.170427483123261309e-02 8.531285757817620663e+00 -4.826625659344419364e-06 -6.546388655582826839e-05 -1.635430953082616101e-01
9.518527283807338979e-02 -1.213542023419713622e-01 -3.996404857491924964e-03 1.575149735634290759e-03 -5.226254884144154213e-03 1.046519030020305781e-03 -4.826625659344419364e-06 2.673528723211801312e-03 2.810356530494020530e-04 5.663685409800217965e-03
1.125089798010104301e-02 -1.070892097620031007e-02 -1.045954761719351984e-02 -9.851990821951514803e-06 5.139476779608465919e-03 -4.976983396471567242e-06 -6.546388655582826839e-05 2.810356530494020530e-04 1.348274571517539240e-03 8.803540301095477433e-05
2.762709514075066819e-01 -3.887033227215144771e-01 -9.204186329638328404e-03 5.412689248501183215e-03 -5.560014112372072687e-02 4.466917858647187142e-03 -1.635430953082616101e-01 5.663685409800217965e-03 8.803540301095477433e-05 5.408783535903023409e-01
