8.725776138715652053e+00 -1.197170579172297167e+01 3.695733997294482265e+00 6.133301764996388489e-02 -1.567449054929311858e-01 8.319006913841067719e-02 -4.868491283503206257e-01 6.988126869808487795e-02 4.758264652498598868e-01 -1.508587895214015887e-02
-1.197170579172297167e+01 2.517620252121451685e+01 -1.240502206570654486e+01 -1.480912272205955060e-01 5.849954979799497634e-01 -2.389721990335285651e-01 3.773007694831875813e-01 -1.278915338348290409e-01 -3.128147980019698737e-01 1.627957457307642464e-01
3.695733997294482265e+00 -1.240502206570654486e+01 2.317079467863533537e+01 9.953387133402465115e-02 -3.073404405475220758e-01 1.233164393717581797e-01 -1.863467663490363968e+00 1.309841845447722898e-02 -2.276354599843661008e-01 1.659745175875942114e-01
6.133301764996388489e-02 -1.480912272205955060e-01 9.953387133402465115e-02 2.358631481001301211e-03 -2.800718681007179252e-03 1.517429084972970544e-03 -7.087578320327853412e-03 8.804227070564547885e-04 -2.353955938315604058e-03 -1.607359848225221660e-03
-1.567449054929311858e-01 5.849954979799497634e-01 -3.073404405475220758e-01 -2.800718681007179252e-03 3.403645028707084907e-02 -7.846135484731486462e-03 -4.292710621680742578e-02 -2.133948923779272790e-03 1.954124370357982355e-03 1.200060532543624839e-02
8.319006913841067719e-02 -2.389721990335285651e-01 1.233164393717581797e-01 1.517429084972970544e-03 -7.846135484731486462e-03 3.804581666532584356e-03 6.664152045622913877e-03 1.098651514146788263e-03 -9.530596329223279617e-04 -3.186435943758023602e-03
-4.868491283503206257e-01 3.773007694831875813e-01 -1.863467663490363968e+00 -7.087578320327853412e-03 -4.292710621680742578e-02 6.664152045622913877e-03 6.664010582917677006e+00 -1.193332995661804986e-02 -5.358319177761034641e-02 -6.306510314628023528e-02
6.988126869808487795e-02 -1.278915338348290409e-01 1.309841845447722898e-02 8.804227070564547885e-04 -2.133948923779272790e-03 1.098651514146788263e-03 -1.193332995661804986e-02 2.282423342577964698e-03 1.235503805100335566e-03 -2.128971707078800360e-03
4.758264652498598868e-01 -3.128147980019698737e-01 -2.276354599843661008e-01 -2.353955938315604058e-03 1.954124370357982355e-03 -9.530596329223279617e-04 -5.358319177761034641e-02 1.235503805100335566e-03 7.201287351156000771e-02 1.344100431121876896e-02
-1.508587895214015887e-02 1.627957457307642464e-01 1.659745175875942114e-01 -1.607359848225221660e-03 1.200060532543624839e-02 -3.186435943758023602e-03 -6.306510314628023528e-02 -2.128971707078800360e-03 1.344100431121876896e-02 2.267588693033630587e-01
