   3.2205835110619842e-02  -7.6880301589936431e-02   5.3658559627604928e-02   8.0037163393116367e-02  -2.7133107797546935e-02   5.6228872975954407e-02   1.3392859704565213e-01   3.6099097986414870e-02  -5.6689928643671755e-02   4.2305114131721226e-03   4.7393956131187897e-03  -1.4057375416327535e-04   3.6183085342889417e-04   1.1935437084647717e-04  -6.7040681715128990e-05  -7.1674835994539447e-04  -5.1744191243346836e-03  -3.7511354250165537e-03  -5.6249274672451777e-04   1.2774518593535260e-03   1.2862179698017976e-04  -3.6465793773986032e-04   7.6932320211886025e-03
  -7.6880301589936431e-02   1.0865522897944628e+00  -1.0313767716390108e+00   1.7940217934828396e-03  -1.7905349867308268e-01  -5.1738230359573112e-01  -4.9562189611179114e-01  -3.3362190570470590e-01   1.5251004195988824e-01   1.1861579614928572e-01  -1.3915767183624713e-02   3.2620130173329921e-03  -2.9765964330058432e-03  -1.5212763299228642e-03  -7.2079565206606248e-04   3.2965071505301948e-03   3.8287138918251029e-01  -4.5822384356693641e-01   2.9786670481317772e-03  -5.6898981959573611e-03  -1.2746006333355176e-03   3.0943698323832947e-03  -1.9328629370367070e-02
   5.3658559627604928e-02  -1.0313767716390108e+00   1.0481073459882838e+01  -3.3171630150705482e+00  -7.9693658128417448e+00   6.8933144955406025e+00   5.4018103107470017e+00   5.0415907478930855e-01  -3.4450695471884401e+00   5.0419468233099229e-01   2.4539208158790956e-02  -2.2415584422772590e-02  -2.9057373438453578e-03   5.2704984903052350e-03  -8.7259343088574946e-04  -1.4596585644679269e-02   1.3946321638446948e+00  -1.5868743895886057e+00  -2.1769498393548019e-02  -1.7832291086512596e-02   6.1060388153162280e-04   1.0230406203934662e-03  -1.3871828650317736e-02
   8.0037163393116367e-02   1.7940217934828396e-03  -3.3171630150705482e+00   4.6321123401720365e+00   1.7351442805928086e-01  -1.1979846691631972e+00  -1.8554648248097234e+00   4.6538472540591214e-01   5.8934564002345957e-01  -9.9998890976212995e-01   1.3347369330714373e-01   5.3717640055955685e-03   8.0262473007897787e-03  -1.7876863793170373e-03  -2.8135895023272870e-03  -6.5543385888565614e-03   8.3145568683843907e-01   2.4482842595936488e-01   1.6147512022823850e-02   3.0981239707370444e-02   4.9910206676395100e-04  -7.1431838061912544e-03   3.0873008290775682e-02
  -2.7133107797546935e-02  -1.7905349867308268e-01  -7.9693658128417448e+00   1.7351442805928086e-01   1.2673619838422953e+01  -6.4200171918425557e+00  -3.1588389949835745e+00   1.3386082572664545e-01   2.9149665054233820e+00   6.7133247802248930e-01  -7.4802347118943485e-02   1.5988139551473237e-02   4.1271435852923422e-03  -5.4778508306552861e-03  -1.0543126458486534e-03   8.9753087109501854e-03  -2.9338500465068540e+00   2.0567937533482286e+00   3.9858090334367784e-03   2.6826596310067213e-03   7.5978212810717534e-04  -3.4218193253315928e-03  -1.0649716336399611e-02
   5.6228872975954407e-02  -5.1738230359573112e-01   6.8933144955406025e+00  -1.1979846691631972e+00  -6.4200171918425557e+00   5.6123722637954838e+00   3.7178506306807932e+00   1.0020116169348152e+00  -2.8773243877826236e+00   2.3462044119793093e-01   1.1320263848036709e-01  -1.5367169545107560e-02  -1.0069789951446420e-03   3.1973565902873344e-03  -1.7750510051082068e-03  -1.1868748503485118e-02   1.5787587002604222e+00  -1.3169625060216608e+00  -8.1558871578045408e-03  -2.0626168162046019e-03   1.8040036738587866e-04   1.9692970535155831e-04  -4.9961121750640429e-02
   1.3392859704565213e-01  -4.9562189611179114e-01   5.4018103107470017e+00  -1.8554648248097234e+00  -3.1588389949835745e+00   3.7178506306807932e+00   4.0225707275353315e+00   6.9170022045336355e-01  -2.3130982370634463e+00   7.1182935737811182e-01   1.1305706754120501e-02  -1.2206863425655445e-02  -1.2148170776405947e-03   2.1903499544491376e-03  -1.9723385703010634e-03  -9.0383012617651793e-03   7.6049526491819330e-01  -1.0851686800131006e+00  -1.3497945608672615e-02  -4.6228962445407319e-03   3.4369295569342087e-04   1.0952857989919536e-03  -7.9084610424967859e-03
   3.6099097986414870e-02  -3.3362190570470590e-01   5.0415907478930855e-01   4.6538472540591214e-01   1.3386082572664545e-01   1.0020116169348152e+00   6.9170022045336355e-01   1.1417781896131909e+00  -6.8484237475457055e-01  -1.0871962743326800e-01   8.3387525772264673e-02  -2.7289590028928799e-03   2.0293088290029115e-03  -8.0956380615285439e-05  -9.9928311731254413e-04  -7.2005105785814100e-04   1.8067324665404447e-01  -3.4200092190019772e-02   3.1497588316326216e-03   5.2570920919795851e-03   2.4984739291123554e-04   1.1995477123336672e-04  -5.0207416058961202e-02
  -5.6689928643671755e-02   1.5251004195988824e-01  -3.4450695471884401e+00   5.8934564002345957e-01   2.9149665054233820e+00  -2.8773243877826236e+00  -2.3130982370634463e+00  -6.8484237475457055e-01   1.6753975420673053e+00  -2.8082506697538961e-01  -5.5268240857787893e-02   7.9323389693052426e-03   4.3676614334128665e-04  -1.2193119820581592e-03   1.7144867709643612e-03   6.6141336697195683e-03  -9.4463370578734784e-01   8.0136115046182232e-01   4.1473899533880391e-03  -1.6397895205306451e-03   8.5571923423505356e-06  -4.4905356884416251e-04   2.7965149526816852e-02
   4.2305114131721226e-03   1.1861579614928572e-01   5.0419468233099229e-01  -9.9998890976212995e-01   6.7133247802248930e-01   2.3462044119793093e-01   7.1182935737811182e-01  -1.0871962743326800e-01  -2.8082506697538961e-01   6.4474400115822639e-01  -2.2683113406544518e-02  -5.9713741238978191e-04  -1.3566762166857041e-03  -3.2098670977746986e-04  -8.9236274691831046e-04  -2.0950049524259898e-03   6.0788894359196100e-02  -1.1575263152968374e-01  -2.6460955602132562e-03   1.3217074160878012e-03  -9.1286250406993257e-05  -2.4269210496350159e-04   1.5433674149436930e-02
   4.7393956131187897e-03  -1.3915767183624713e-02   2.4539208158790956e-02   1.3347369330714373e-01  -7.4802347118943485e-02   1.1320263848036709e-01   1.1305706754120501e-02   8.3387525772264673e-02  -5.5268240857787893e-02  -2.2683113406544518e-02   3.4700941240409643e-02  -2.5419482938895277e-05   3.2407106860102514e-04  -9.8150691330395532e-05  -4.6213038636490626e-04  -1.1635727734688364e-03   2.1512381381589413e-02  -4.1095317308132581e-02   1.9858850846676615e-03   3.2099008849467933e-03   5.8480467233780802e-05  -9.2990622827952537e-04  -3.8705700417522126e-03
  -1.4057375416327535e-04   3.2620130173329921e-03  -2.2415584422772590e-02   5.3717640055955685e-03   1.5988139551473237e-02  -1.5367169545107560e-02  -1.2206863425655445e-02  -2.7289590028928799e-03   7.9323389693052426e-03  -5.9713741238978191e-04  -2.5419482938895277e-05   1.1326648817535511e-03  -1.0306420763559814e-05   4.4767950325529904e-06   1.4653343376651591e-05   3.7839682101703023e-05  -3.4847335772595195e-03   3.0090313425820280e-03   4.5136946226674301e-05   2.8766593932244520e-05   8.2408738174324225e-06  -1.6682769849397396e-05   9.9698704551639218e-05
   3.6183085342889417e-04  -2.9765964330058432e-03  -2.9057373438453578e-03   8.0262473007897787e-03   4.1271435852923422e-03  -1.0069789951446420e-03  -1.2148170776405947e-03   2.0293088290029115e-03   4.3676614334128665e-04  -1.3566762166857041e-03   3.2407106860102514e-04  -1.0306420763559814e-05   1.0551687077220019e-03  -1.1351940847495764e-06   3.9697204737384556e-07  -3.8602007072685069e-05   2.7357315774709077e-04   1.6196618569585331e-03   1.2706941317930619e-05   8.7020000909914251e-05   7.4533443492786037e-06  -4.9295294638992059e-05   1.3008716251461817e-04
   1.1935437084647717e-04  -1.5212763299228642e-03   5.2704984903052350e-03  -1.7876863793170373e-03  -5.4778508306552861e-03   3.1973565902873344e-03   2.1903499544491376e-03  -8.0956380615285439e-05  -1.2193119820581592e-03  -3.2098670977746986e-04  -9.8150691330395532e-05   4.4767950325529904e-06  -1.1351940847495764e-06   1.0138602461784057e-03   1.3124394944508135e-05   1.7899675932865288e-05   1.5955264406951596e-04   7.0719933401023836e-06  -1.2248471309306358e-05  -1.8162857764358236e-05   3.6623607950126975e-06   6.4831359710875882e-06   5.1024196557935352e-05
  -6.7040681715128990e-05  -7.2079565206606248e-04  -8.7259343088574946e-04  -2.8135895023272870e-03  -1.0543126458486534e-03  -1.7750510051082068e-03  -1.9723385703010634e-03  -9.9928311731254413e-04   1.7144867709643612e-03  -8.9236274691831046e-04  -4.6213038636490626e-04   1.4653343376651591e-05   3.9697204737384556e-07   1.3124394944508135e-05   1.0586940754969429e-03   1.5068284788988218e-04  -2.1102080173162701e-03   1.3792760788646286e-03  -6.7636077018221161e-05  -1.8705647413851451e-04   3.4788202966489520e-07   6.4914547177234846e-05   9.1245255342613032e-05
  -7.1674835994539447e-04   3.2965071505301948e-03  -1.4596585644679269e-02  -6.5543385888565614e-03   8.9753087109501854e-03  -1.1868748503485118e-02  -9.0383012617651793e-03  -7.2005105785814100e-04   6.6141336697195683e-03  -2.0950049524259898e-03  -1.1635727734688364e-03   3.7839682101703023e-05  -3.8602007072685069e-05   1.7899675932865288e-05   1.5068284788988218e-04   1.6023720655431570e-03  -6.1619335971228213e-03   2.7570409276694210e-03  -4.1770780900102768e-05  -6.1568464986248871e-04  -1.3503941332251325e-05   2.7374518349246324e-04  -2.1000690858658663e-04
  -5.1744191243346836e-03   3.8287138918251029e-01   1.3946321638446948e+00   8.3145568683843907e-01  -2.9338500465068540e+00   1.5787587002604222e+00   7.6049526491819330e-01   1.8067324665404447e-01  -9.4463370578734784e-01   6.0788894359196100e-02   2.1512381381589413e-02  -3.4847335772595195e-03   2.7357315774709077e-04   1.5955264406951596e-04  -2.1102080173162701e-03  -6.1619335971228213e-03   2.0080743900738534e+00  -5.2012796154531538e-01   8.2661997900562063e-03   2.2129151279378440e-02  -4.8977267165475544e-04  -8.5770497414626608e-04   1.0681927562989399e-02
  -3.7511354250165537e-03  -4.5822384356693641e-01  -1.5868743895886057e+00   2.4482842595936488e-01   2.0567937533482286e+00  -1.3169625060216608e+00  -1.0851686800131006e+00  -3.4200092190019772e-02   8.0136115046182232e-01  -1.1575263152968374e-01  -4.1095317308132581e-02   3.0090313425820280e-03   1.6196618569585331e-03   7.0719933401023836e-06   1.3792760788646286e-03   2.7570409276694210e-03  -5.2012796154531538e-01   8.7945191701355019e-01   2.5437600302635663e-03   6.8827309175770743e-03   6.1909559182853882e-04  -1.4115872018463430e-03   2.0765174539625307e-02
  -5.6249274672451777e-04   2.9786670481317772e-03  -2.1769498393548019e-02   1.6147512022823850e-02   3.9858090334367784e-03  -8.1558871578045408e-03  -1.3497945608672615e-02   3.1497588316326216e-03   4.1473899533880391e-03  -2.6460955602132562e-03   1.9858850846676615e-03   4.5136946226674301e-05   1.2706941317930619e-05  -1.2248471309306358e-05  -6.7636077018221161e-05  -4.1770780900102768e-05   8.2661997900562063e-03   2.5437600302635663e-03   1.6359103123355029e-03   5.3189476398162025e-04   1.2771895193946738e-06  -1.1131382624015687e-04  -4.9234037397825035e-04
   1.2774518593535260e-03  -5.6898981959573611e-03  -1.7832291086512596e-02   3.0981239707370444e-02   2.6826596310067213e-03  -2.0626168162046019e-03  -4.6228962445407319e-03   5.2570920919795851e-03  -1.6397895205306451e-03   1.3217074160878012e-03   3.2099008849467933e-03   2.8766593932244520e-05   8.7020000909914251e-05  -1.8162857764358236e-05  -1.8705647413851451e-04  -6.1568464986248871e-04   2.2129151279378440e-02   6.8827309175770743e-03   5.3189476398162025e-04   3.3344295045589813e-03   2.5211275560760113e-05  -4.2867480105790760e-04  -9.8648000985649165e-05
   1.2862179698017976e-04  -1.2746006333355176e-03   6.1060388153162280e-04   4.9910206676395100e-04   7.5978212810717534e-04   1.8040036738587866e-04   3.4369295569342087e-04   2.4984739291123554e-04   8.5571923423505356e-06  -9.1286250406993257e-05   5.8480467233780802e-05   8.2408738174324225e-06   7.4533443492786037e-06   3.6623607950126975e-06   3.4788202966489520e-07  -1.3503941332251325e-05  -4.8977267165475544e-04   6.1909559182853882e-04   1.2771895193946738e-06   2.5211275560760113e-05   1.0040380883593371e-03  -1.6547016059347509e-05   4.8978494154829643e-05
  -3.6465793773986032e-04   3.0943698323832947e-03   1.0230406203934662e-03  -7.1431838061912544e-03  -3.4218193253315928e-03   1.9692970535155831e-04   1.0952857989919536e-03   1.1995477123336672e-04  -4.4905356884416251e-04  -2.4269210496350159e-04  -9.2990622827952537e-04  -1.6682769849397396e-05  -4.9295294638992059e-05   6.4831359710875882e-06   6.4914547177234846e-05   2.7374518349246324e-04  -8.5770497414626608e-04  -1.4115872018463430e-03  -1.1131382624015687e-04  -4.2867480105790760e-04  -1.6547016059347509e-05   1.2594014195967970e-03  -1.6858614279537860e-04
   7.6932320211886025e-03  -1.9328629370367070e-02  -1.3871828650317736e-02   3.0873008290775682e-02  -1.0649716336399611e-02  -4.9961121750640429e-02  -7.9084610424967859e-03  -5.0207416058961202e-02   2.7965149526816852e-02   1.5433674149436930e-02  -3.8705700417522126e-03   9.9698704551639218e-05   1.3008716251461817e-04   5.1024196557935352e-05   9.1245255342613032e-05  -2.1000690858658663e-04   1.0681927562989399e-02   2.0765174539625307e-02  -4.9234037397825035e-04  -9.8648000985649165e-05   4.8978494154829643e-05  -1.6858614279537860e-04   3.2748095170185676e-02
