8.125108575879131517e-03 -7.572598879591072550e-03 1.049435453766647645e-02 1.187345664492250701e-02 -1.044340767958239734e-02 -9.490020511807343521e-04 -1.171160417856370074e-02 -8.182439022247349480e-03 -1.944138006513201693e-04 -2.047776342155672308e-02 2.824746223930913683e-03 -1.927630544619857948e-03 -1.504999736643456744e-02 -2.512001988764221358e-03 -1.465752461259804511e-03 2.614284243587568115e-04 4.022323769624574314e-04 8.184714498299909416e-04 9.411529528409616268e-04 2.720110279991416313e-03 1.856376052146660330e-04 1.741162315498576615e-05 1.858341706493499626e-02
-7.572598879591072550e-03 1.023621178258370644e-02 -1.114648167970956789e-02 -1.285505982080888988e-02 1.165622560609999928e-02 1.315844756392181136e-03 1.334156581607464503e-02 8.448150463404639071e-03 2.198437810979486119e-04 2.118913918996490758e-02 -4.171359367845362161e-03 3.170488258615144009e-03 1.653461701797136890e-02 2.784023722391403260e-03 1.474367417264124376e-03 -2.297121758578433959e-04 -4.233424623109458191e-04 -8.534964622326522482e-04 -9.419890685571481953e-04 -2.729134696284033282e-03 -1.983399265350778949e-04 -1.744972077702491999e-05 -2.083774448925450329e-02
1.049435453766647645e-02 -1.114648167970956789e-02 1.768576336973532240e-02 1.820738792434485609e-02 -1.573973575737463992e-02 -1.250540671707254126e-03 -1.683065717542000725e-02 -1.287151600707186518e-02 -4.477120474084712040e-04 -3.220040458013490731e-02 3.474461164548004431e-03 -2.117267368179737933e-03 -2.279845614175564708e-02 -4.171294177440703493e-03 -2.216681584638204028e-03 4.161389448724068575e-04 6.232511611141699787e-04 1.247794987129948298e-03 1.476830625541177174e-03 4.284737461579890896e-03 2.753737924006475200e-04 2.798551228461956147e-05 2.772792015389426504e-02
1.187345664492250701e-02 -1.285505982080888988e-02 1.820738792434485609e-02 2.199453001385539772e-02 -1.805614562956518038e-02 -1.742465491846211445e-03 -1.968761018148015504e-02 -1.410292094333545805e-02 -3.847881129314951044e-04 -3.551499107100554442e-02 4.740131645288690396e-03 -3.228805024661907889e-03 -2.578208769410942486e-02 -4.520791125834344379e-03 -2.764682744358199287e-03 4.520973793171594339e-04 7.060607048832623269e-04 1.412710050751343630e-03 1.647118915177094413e-03 4.747168721764758598e-03 3.188892557463067707e-04 3.030973540249985276e-05 3.193292858720393063e-02
-1.044340767958239734e-02 1.165622560609999928e-02 -1.573973575737463992e-02 -1.805614562956518038e-02 1.745337136740938988e-02 1.819176898240746146e-03 1.799475703768793969e-02 1.216657504518287719e-02 1.857023894313653749e-04 3.047398842705835442e-02 -5.044316730109787809e-03 3.751755944913734344e-03 2.281049873479116738e-02 3.924646296764982764e-03 2.232013784787653405e-03 -3.485897911994332871e-04 -6.013630378654756699e-04 -1.216367506790751174e-03 -1.375960438698614835e-03 -3.980224610660572544e-03 -2.724849029502756140e-04 -2.596815328880547306e-05 -2.832671713564006988e-02
-9.490020511807343521e-04 1.315844756392181136e-03 -1.250540671707254126e-03 -1.742465491846211445e-03 1.819176898240746146e-03 1.524636066730601733e-03 2.164761224209952976e-03 8.173929197920308531e-04 -9.943968704495801563e-05 2.500517016320222361e-03 -1.065979474692281244e-03 9.634814126931448217e-04 2.224787758448552432e-03 2.222646063481790622e-04 2.823161042891354452e-04 -1.203506531676960752e-05 -5.491503617264981461e-05 -1.125423475262264997e-04 -1.041491671253332886e-04 -3.013020982662278197e-04 -2.692369945916267784e-05 -2.292139485591969748e-06 -2.932345154038486224e-03
-1.171160417856370074e-02 1.334156581607464503e-02 -1.683065717542000725e-02 -1.968761018148015504e-02 1.799475703768793969e-02 2.164761224209952976e-03 2.186671547420940970e-02 1.288464253307970014e-02 6.380393182915576015e-05 3.265646994494593447e-02 -6.369466461136819545e-03 4.861348942141159937e-03 2.526048567051526403e-02 3.932621569314399303e-03 2.517428648786615084e-03 -3.753701753807753110e-04 -6.589823870184897524e-04 -1.350059543620657629e-03 -1.490874306502916686e-03 -4.286151933983318833e-03 -3.110249036583812195e-04 -2.852957855479755638e-05 -3.162803368281563027e-02
-8.182439022247349480e-03 8.448150463404639071e-03 -1.287151600707186518e-02 -1.410292094333545805e-02 1.216657504518287719e-02 8.173929197920308531e-04 1.288464253307970014e-02 1.134090757570778603e-02 3.752988023460125297e-04 2.501598255008580240e-02 -2.399253521543675931e-03 1.414208482292661885e-03 1.765562032832452069e-02 3.385956275437398445e-03 1.589927502237164711e-03 -3.268547219136001998e-04 -4.754317980496458530e-04 -9.599860320181233080e-04 -1.142422248273904832e-03 -3.321685286912151591e-03 -2.100223635214674880e-04 -2.091632364674769840e-05 -2.151314175115834337e-02
-1.944138006513201693e-04 2.198437810979486119e-04 -4.477120474084712040e-04 -3.847881129314951044e-04 1.857023894313653749e-04 -9.943968704495801563e-05 6.380393182915576015e-05 3.752988023460125297e-04 1.186690259135159305e-03 7.604046227749506476e-04 1.647874444611753357e-04 -1.957456518665881507e-04 3.989988113850486849e-04 2.034982740263172713e-04 -2.364240915000782272e-06 -1.407511364312568166e-05 -1.046014059620351100e-05 -1.636185608591768210e-05 -3.602144022507643042e-05 -1.113308858058557692e-04 -3.464340343396618027e-06 -6.240286095244831120e-07 -4.445314829216571073e-04
-2.047776342155672308e-02 2.118913918996490758e-02 -3.220040458013490731e-02 -3.551499107100554442e-02 3.047398842705835442e-02 2.500517016320222361e-03 3.265646994494593447e-02 2.501598255008580240e-02 7.604046227749506476e-04 6.417468721222840955e-02 -6.375972833689614455e-03 3.819027724424575894e-03 4.415482208337181275e-02 7.845562491406263272e-03 4.463692166870049036e-03 -8.434136823329684441e-04 -1.220370751190687046e-03 -2.454389383604172695e-03 -2.923023589963003651e-03 -8.458737538494723665e-03 -5.420447203473427455e-04 -5.339442661944982703e-05 -5.371189466216252234e-02
2.824746223930913683e-03 -4.171359367845362161e-03 3.474461164548004431e-03 4.740131645288690396e-03 -5.044316730109787809e-03 -1.065979474692281244e-03 -6.369466461136819545e-03 -2.399253521543675931e-03 1.647874444611753357e-04 -6.375972833689614455e-03 4.369728066366386152e-03 -2.884561191573888593e-03 -6.395090631383395195e-03 -7.790350023040303095e-04 -6.280217140069965223e-04 2.470016893838630466e-05 1.481405395059518502e-04 3.061012893140198734e-04 2.705075476249698568e-04 7.706446610324796387e-04 7.902496288397183640e-05 5.861670508877850852e-06 8.524048330041477869e-03
-1.927630544619857948e-03 3.170488258615144009e-03 -2.117267368179737933e-03 -3.228805024661907889e-03 3.751755944913734344e-03 9.634814126931448217e-04 4.861348942141159937e-03 1.414208482292661885e-03 -1.957456518665881507e-04 3.819027724424575894e-03 -2.884561191573888593e-03 3.734628017277055040e-03 4.463420646725033830e-03 4.509153710887833745e-04 3.850354938448766022e-04 2.941305184608814108e-06 -9.658452920102903578e-05 -2.004303811237396679e-04 -1.463283121147772596e-04 -4.044381416586583476e-04 -5.636391472698169624e-05 -2.748997816040461471e-06 -6.195253435144027973e-03
-1.504999736643456744e-02 1.653461701797136890e-02 -2.279845614175564708e-02 -2.578208769410942486e-02 2.281049873479116738e-02 2.224787758448552432e-03 2.526048567051526403e-02 1.765562032832452069e-02 3.989988113850486849e-04 4.415482208337181275e-02 -6.395090631383395195e-03 4.463420646725033830e-03 3.373955129232961841e-02 5.640324082307222181e-03 3.181818190517421603e-03 -5.307932348660948868e-04 -8.604767378776358297e-04 -1.752312068221748573e-03 -2.002341450921080353e-03 -5.807055600598697714e-03 -3.901099127156026154e-04 -3.747118583005523598e-05 -4.036987826003282653e-02
-2.512001988764221358e-03 2.784023722391403260e-03 -4.171294177440703493e-03 -4.520791125834344379e-03 3.924646296764982764e-03 2.222646063481790622e-04 3.932621569314399303e-03 3.385956275437398445e-03 2.034982740263172713e-04 7.845562491406263272e-03 -7.790350023040303095e-04 4.509153710887833745e-04 5.640324082307222181e-03 2.385069233249124520e-03 4.201771937656462543e-04 -8.488878943460108155e-05 -1.414876649040667101e-04 -2.847429118568779748e-04 -3.414816539173335633e-04 -1.019192202911989656e-03 -5.875168604086098150e-05 -5.798778981346118154e-06 -6.908705668233591952e-03
-1.465752461259804511e-03 1.474367417264124376e-03 -2.216681584638204028e-03 -2.764682744358199287e-03 2.232013784787653405e-03 2.823161042891354452e-04 2.517428648786615084e-03 1.589927502237164711e-03 -2.364240915000782272e-06 4.463692166870049036e-03 -6.280217140069965223e-04 3.850354938448766022e-04 3.181818190517421603e-03 4.201771937656462543e-04 1.672820550201768470e-03 -7.004700308399727945e-05 -1.069620943545159506e-04 -1.999085796133563589e-04 -2.473640053477683693e-04 -6.732995236622175712e-04 -4.685224505473803533e-05 -4.516315680360631461e-06 -3.935366964916320494e-03
2.614284243587568115e-04 -2.297121758578433959e-04 4.161389448724068575e-04 4.520973793171594339e-04 -3.485897911994332871e-04 -1.203506531676960752e-05 -3.753701753807753110e-04 -3.268547219136001998e-04 -1.407511364312568166e-05 -8.434136823329684441e-04 2.470016893838630466e-05 2.941305184608814108e-06 -5.307932348660948868e-04 -8.488878943460108155e-05 -7.004700308399727945e-05 1.029168468980856113e-03 1.809100992119845217e-05 4.136530648922365005e-05 4.823838662676683761e-05 1.230400007352140147e-04 1.410716350690934384e-05 6.777845098617249683e-07 6.299492148745433791e-04
4.022323769624574314e-04 -4.233424623109458191e-04 6.232511611141699787e-04 7.060607048832623269e-04 -6.013630378654756699e-04 -5.491503617264981461e-05 -6.589823870184897524e-04 -4.754317980496458530e-04 -1.046014059620351100e-05 -1.220370751190687046e-03 1.481405395059518502e-04 -9.658452920102903578e-05 -8.604767378776358297e-04 -1.414876649040667101e-04 -1.069620943545159506e-04 1.809100992119845217e-05 1.035293102272373793e-03 5.033568525944896884e-05 6.607499431036378541e-05 1.721107156516469964e-04 1.356082185361427444e-05 1.068611968157591780e-06 1.051249202292730937e-03
8.184714498299909416e-04 -8.534964622326522482e-04 1.247794987129948298e-03 1.412710050751343630e-03 -1.216367506790751174e-03 -1.125423475262264997e-04 -1.350059543620657629e-03 -9.599860320181233080e-04 -1.636185608591768210e-05 -2.454389383604172695e-03 3.061012893140198734e-04 -2.004303811237396679e-04 -1.752312068221748573e-03 -2.847429118568779748e-04 -1.999085796133563589e-04 4.136530648922365005e-05 5.033568525944896884e-05 1.107090325575491941e-03 1.226553159957580945e-04 3.387016883733514933e-04 2.545443582965858763e-05 2.169572851369315507e-06 2.143962524069224773e-03
9.411529528409616268e-04 -9.419890685571481953e-04 1.476830625541177174e-03 1.647118915177094413e-03 -1.375960438698614835e-03 -1.041491671253332886e-04 -1.490874306502916686e-03 -1.142422248273904832e-03 -3.602144022507643042e-05 -2.923023589963003651e-03 2.705075476249698568e-04 -1.463283121147772596e-04 -2.002341450921080353e-03 -3.414816539173335633e-04 -2.473640053477683693e-04 4.823838662676683761e-05 6.607499431036378541e-05 1.226553159957580945e-04 1.157420906343354901e-03 4.216448906548982936e-04 2.864264903613126427e-05 2.478331079315809704e-06 2.423886036675912837e-03
2.720110279991416313e-03 -2.729134696284033282e-03 4.284737461579890896e-03 4.747168721764758598e-03 -3.980224610660572544e-03 -3.013020982662278197e-04 -4.286151933983318833e-03 -3.321685286912151591e-03 -1.113308858058557692e-04 -8.458737538494723665e-03 7.706446610324796387e-04 -4.044381416586583476e-04 -5.807055600598697714e-03 -1.019192202911989656e-03 -6.732995236622175712e-04 1.230400007352140147e-04 1.721107156516469964e-04 3.387016883733514933e-04 4.216448906548982936e-04 2.211864134247547992e-03 7.562579647927487642e-05 7.742123774021022521e-06 7.033044839358784314e-03
1.856376052146660330e-04 -1.983399265350778949e-04 2.753737924006475200e-04 3.188892557463067707e-04 -2.724849029502756140e-04 -2.692369945916267784e-05 -3.110249036583812195e-04 -2.100223635214674880e-04 -3.464340343396618027e-06 -5.420447203473427455e-04 7.902496288397183640e-05 -5.636391472698169624e-05 -3.901099127156026154e-04 -5.875168604086098150e-05 -4.685224505473803533e-05 1.410716350690934384e-05 1.356082185361427444e-05 2.545443582965858763e-05 2.864264903613126427e-05 7.562579647927487642e-05 1.008824503404870268e-03 4.709915425711552620e-07 4.827855049083291288e-04
1.741162315498576615e-05 -1.744972077702491999e-05 2.798551228461956147e-05 3.030973540249985276e-05 -2.596815328880547306e-05 -2.292139485591969748e-06 -2.852957855479755638e-05 -2.091632364674769840e-05 -6.240286095244831120e-07 -5.339442661944982703e-05 5.861670508877850852e-06 -2.748997816040461471e-06 -3.747118583005523598e-05 -5.798778981346118154e-06 -4.516315680360631461e-06 6.777845098617249683e-07 1.068611968157591780e-06 2.169572851369315507e-06 2.478331079315809704e-06 7.742123774021022521e-06 4.709915425711552620e-07 1.001290376225754709e-03 4.520569976176279484e-05
1.858341706493499626e-02 -2.083774448925450329e-02 2.772792015389426504e-02 3.193292858720393063e-02 -2.832671713564006988e-02 -2.932345154038486224e-03 -3.162803368281563027e-02 -2.151314175115834337e-02 -4.445314829216571073e-04 -5.371189466216252234e-02 8.524048330041477869e-03 -6.195253435144027973e-03 -4.036987826003282653e-02 -6.908705668233591952e-03 -3.935366964916320494e-03 6.299492148745433791e-04 1.051249202292730937e-03 2.143962524069224773e-03 2.423886036675912837e-03 7.033044839358784314e-03 4.827855049083291288e-04 4.520569976176279484e-05 5.143135799616406489e-02
