   4.7180482732209592e+00   4.4938526564909556e-02   2.7183346817156836e-02   2.6714371920143157e-02   2.3640036584135718e-01   2.1545219950871097e-01
   4.4938526564909556e-02   1.6845282187826383e-03   5.3230277698892081e-04   3.2437936686013382e-04  -3.1687393216328153e-04   3.9650286928022437e-04
   2.7183346817156836e-02   5.3230277698892081e-04   1.7469938396109284e-03   9.8141450542207255e-05  -6.7221438706742171e-04   2.1972037901990299e-04
   2.6714371920143157e-02   3.2437936686013382e-04   9.8141450542207255e-05   1.2359029227528699e-03   3.5897960088489847e-04   5.3600024547114126e-04
   2.3640036584135718e-01  -3.1687393216328153e-04  -6.7221438706742171e-04   3.5897960088489847e-04   4.4682502097404153e-02   3.0506173097295801e-02
   2.1545219950871097e-01   3.9650286928022437e-04   2.1972037901990299e-04   5.3600024547114126e-04   3.0506173097295801e-02   7.7524902233568060e-01
