   1.4409471022068701e+01   9.6693540088467519e-02   7.6439129497132871e-02   7.5248689456751339e-02   3.0007100072343418e-01  -2.9844770342497545e-01
   9.6693540088467519e-02   1.8578449807157293e-03   7.8945396268963641e-04   5.9267519944714562e-04  -5.4605948462078100e-04  -2.4558460277700968e-03
   7.6439129497132871e-02   7.8945396268963641e-04   2.2983129571687634e-03   2.9974833122222837e-04  -8.4043117890499042e-04  -3.1173957109510040e-03
   7.5248689456751339e-02   5.9267519944714562e-04   2.9974833122222837e-04   1.5341491141165938e-03   6.8854138964006658e-05  -1.4950769641002201e-03
   3.0007100072343418e-01  -5.4605948462078100e-04  -8.4043117890499042e-04   6.8854138964006658e-05   4.8317132921496017e-02  -2.3851046026943023e-03
  -2.9844770342497545e-01  -2.4558460277700968e-03  -3.1173957109510040e-03  -1.4950769641002201e-03  -2.3851046026943023e-03   3.4286352330720965e-01
