3.062068544954730034e-02 3.489115809037754423e-03 -1.673432075935334107e-02 2.245213882988283428e-03 4.327150057633399188e-02 2.912654656653073867e-02 1.898950829299453705e-02 1.523470288520991506e-02 1.209320878763837362e-03 -3.700829949346821218e-02 2.572763977607769176e-02 1.578393759659965645e-02 -3.494874136536961495e-02 -1.916786991912631036e-02 -1.838335006021892676e-02 2.329118449016548311e-04 3.588195574224244296e-04 -3.339553547680895902e-05 5.504778695456893130e-04 7.406777644891751134e-05 1.078200684353391634e-04 8.184708325527929575e-06 6.937417826031469503e-02
3.489115809037754423e-03 1.507480682476206686e-03 -1.953358834087837517e-03 2.355138189665573775e-04 5.073003206898396393e-03 3.459996254460215390e-03 2.217952596536602698e-03 1.764043486693407008e-03 1.617330635279054074e-04 -4.304768568840934041e-03 3.014516181049732568e-03 1.849977962275370326e-03 -4.118300226139869936e-03 -2.295344896600764496e-03 -2.201198604679541378e-03 2.258503405443438374e-05 4.020957835004543399e-05 -4.083079468875022708e-06 5.905651089710288774e-05 8.673839680071880715e-06 1.156764291769580256e-05 8.101737645707010512e-07 8.219454395131850152e-03
-1.673432075935334107e-02 -1.953358834087837517e-03 1.068319641674967194e-02 -1.180243435564908667e-03 -2.478793917237093192e-02 -1.660688411530862260e-02 -1.085704091200518154e-02 -8.897781779512357880e-03 -3.193087025815843005e-04 2.165506981864141409e-02 -1.493126458169660026e-02 -9.073455550475412884e-03 2.015029746492221288e-02 1.107680509275205463e-02 1.041336224940870442e-02 -1.623186667476512579e-04 -2.190869431838107935e-04 1.836158190876924028e-05 -3.604610991586509254e-04 -4.952766791185634471e-05 -6.724624085429770093e-05 -4.706608395693760672e-06 -3.966506643091299855e-02
2.245213882988283428e-03 2.355138189665573775e-04 -1.180243435564908667e-03 1.337543644821260688e-03 3.194603176357739029e-03 2.188666699924522556e-03 1.429446897208643116e-03 1.056152443436818387e-03 2.951086763165908732e-04 -2.544052559818690742e-03 1.839193737372502068e-03 1.148314988428816115e-03 -2.527086857152755460e-03 -1.338918531563300244e-03 -1.378136798675859030e-03 6.528527320198720965e-06 1.252653080721094497e-05 -1.009538880764175376e-06 1.502731735221660532e-05 2.053224475548966333e-06 5.684530062050650401e-06 4.972876095034317395e-07 5.063801935122590192e-03
4.327150057633399188e-02 5.073003206898396393e-03 -2.478793917237093192e-02 3.194603176357739029e-03 6.488762732474331885e-02 4.288880842879855965e-02 2.799435085685892527e-02 2.276174133949738013e-02 1.141237356652387552e-03 -5.546288408842154488e-02 3.832897941146595072e-02 2.331924170085161382e-02 -5.182935726535330134e-02 -2.843790069926609154e-02 -2.689529442094183362e-02 3.983634543737114473e-04 5.509253708807721264e-04 -4.511136622738401951e-05 8.924687132630535402e-04 1.203586417740038286e-04 1.690933454382253219e-04 1.183763853446901504e-05 1.021644905902175104e-01
2.912654656653073867e-02 3.459996254460215390e-03 -1.660688411530862260e-02 2.188666699924522556e-03 4.288880842879855965e-02 2.989825541065879722e-02 1.879861455350222837e-02 1.519794485328226571e-02 9.284759046369940073e-04 -3.704813037630198119e-02 2.569415564565403348e-02 1.564837384801877687e-02 -3.473986372795364458e-02 -1.908529980140177135e-02 -1.814038903968322874e-02 2.526732761913254776e-04 3.638777433101825828e-04 -3.111378027228076576e-05 5.769309038608797175e-04 7.748696659125740220e-05 1.108978570369198994e-04 7.968149570082018227e-06 6.865843863041530548e-02
1.898950829299453705e-02 2.217952596536602698e-03 -1.085704091200518154e-02 1.429446897208643116e-03 2.799435085685892527e-02 1.879861455350222837e-02 1.336602434298391102e-02 9.931109879893065123e-03 6.162515121016728676e-04 -2.422886060847557338e-02 1.673292844748595562e-02 1.022632229183684412e-02 -2.268572190792412374e-02 -1.241193527273000419e-02 -1.183771537391505382e-02 1.678570943411439081e-04 2.377858341200241238e-04 -1.771372218052367971e-05 3.796846761411963415e-04 5.034780288308306738e-05 7.276160030875843544e-05 5.363629811528242379e-06 4.475213704560908334e-02
1.523470288520991506e-02 1.764043486693407008e-03 -8.897781779512357880e-03 1.056152443436818387e-03 2.276174133949738013e-02 1.519794485328226571e-02 9.931109879893065123e-03 9.315073702310721834e-03 5.773527267704015617e-05 -2.019837130202376679e-02 1.384747530154339587e-02 8.332002395622050556e-03 -1.861296051974512672e-02 -1.022729816016565603e-02 -9.450491132766174890e-03 1.664157570502293340e-04 2.114564039707791672e-04 -1.721895025842189736e-05 3.601864222543909276e-04 4.996376156139839168e-05 6.502911655086062760e-05 4.167638412553633994e-06 3.637006402311693948e-02
1.209320878763837362e-03 1.617330635279054074e-04 -3.193087025815843005e-04 2.951086763165908732e-04 1.141237356652387552e-03 9.284759046369940073e-04 6.162515121016728676e-04 5.773527267704015617e-05 1.904694966483287243e-03 1.934341706692020561e-05 3.070868530320884681e-04 4.005734941132450995e-04 -6.261730165462738419e-04 -3.042315129230401091e-04 -7.779914741907527570e-04 -6.654514159328118832e-05 -1.791382792026520514e-05 -5.810206756675210855e-06 -9.103544431404822545e-05 -1.436337747163626881e-05 -1.079342418404077228e-05 5.746617160765203375e-07 2.034878769037170698e-03
-3.700829949346821218e-02 -4.304768568840934041e-03 2.165506981864141409e-02 -2.544052559818690742e-03 -5.546288408842154488e-02 -3.704813037630198119e-02 -2.422886060847557338e-02 -2.019837130202376679e-02 1.934341706692020561e-05 5.054214406998663173e-02 -3.374114972441166066e-02 -2.026539713533969528e-02 4.540642021848482340e-02 2.491751288223306715e-02 2.298268907963585753e-02 -4.301120020251263413e-04 -5.127799794308157385e-04 3.340980902421587014e-05 -8.993631702647725788e-04 -1.216722604461514991e-04 -1.627266111980390389e-04 -1.010226230123667051e-05 -8.840867867041472816e-02
2.572763977607769176e-02 3.014516181049732568e-03 -1.493126458169660026e-02 1.839193737372502068e-03 3.832897941146595072e-02 2.569415564565403348e-02 1.673292844748595562e-02 1.384747530154339587e-02 3.070868530320884681e-04 -3.374114972441166066e-02 2.426970322680306949e-02 1.401943084583814718e-02 -3.125204258515429379e-02 -1.719008705209108812e-02 -1.601011254916587245e-02 2.638387550643680893e-04 3.473139744464647893e-04 -2.833750257819490819e-05 5.798132553256561119e-04 7.897414149533613851e-05 1.061622352017508887e-04 6.931704343052067363e-06 6.126088206493895266e-02
1.578393759659965645e-02 1.849977962275370326e-03 -9.073455550475412884e-03 1.148314988428816115e-03 2.331924170085161382e-02 1.564837384801877687e-02 1.022632229183684412e-02 8.332002395622050556e-03 4.005734941132450995e-04 -2.026539713533969528e-02 1.401943084583814718e-02 9.562345477150690359e-03 -1.893111685094479163e-02 -1.039179807696366184e-02 -9.830019159950041663e-03 1.440507573715216227e-04 2.048100581626147382e-04 -1.791932449937585196e-05 3.279650470517572335e-04 4.373765692344796293e-05 6.161299022300102755e-05 4.393790377695482980e-06 3.732867368158790389e-02
-3.494874136536961495e-02 -4.118300226139869936e-03 2.015029746492221288e-02 -2.527086857152755460e-03 -5.182935726535330134e-02 -3.473986372795364458e-02 -2.268572190792412374e-02 -1.861296051974512672e-02 -6.261730165462738419e-04 4.540642021848482340e-02 -3.125204258515429379e-02 -1.893111685094479163e-02 4.326807326682623883e-02 2.316626525278903809e-02 2.173160049040001596e-02 -3.437275822815597176e-04 -4.580019326465047114e-04 3.687089738706489671e-05 -7.587516923532622868e-04 -1.030029688563969663e-04 -1.409688311978720017e-04 -9.687826828396481018e-06 -8.291576315233076255e-02
-1.916786991912631036e-02 -2.295344896600764496e-03 1.107680509275205463e-02 -1.338918531563300244e-03 -2.843790069926609154e-02 -1.908529980140177135e-02 -1.241193527273000419e-02 -1.022729816016565603e-02 -3.042315129230401091e-04 2.491751288223306715e-02 -1.719008705209108812e-02 -1.039179807696366184e-02 2.316626525278903809e-02 1.382162942383443824e-02 1.192289661486312276e-02 -1.893945569309228572e-04 -2.573069811507172101e-04 2.193909723137161321e-05 -4.221548702589034033e-04 -5.820703280126826644e-05 -7.776474679126459295e-05 -5.176918641167283612e-06 -4.556998295851555358e-02
-1.838335006021892676e-02 -2.201198604679541378e-03 1.041336224940870442e-02 -1.378136798675859030e-03 -2.689529442094183362e-02 -1.814038903968322874e-02 -1.183771537391505382e-02 -9.450491132766174890e-03 -7.779914741907527570e-04 2.298268907963585753e-02 -1.601011254916587245e-02 -9.830019159950041663e-03 2.173160049040001596e-02 1.192289661486312276e-02 1.251511401250436119e-02 -1.383008885225127816e-04 -2.248899105866599833e-04 2.057308291303970273e-05 -3.380853506757092956e-04 -4.539291962775839995e-05 -6.563539911381528421e-05 -5.093144477462421410e-06 -4.317422403133842901e-02
2.329118449016548311e-04 2.258503405443438374e-05 -1.623186667476512579e-04 6.528527320198720965e-06 3.983634543737114473e-04 2.526732761913254776e-04 1.678570943411439081e-04 1.664157570502293340e-04 -6.654514159328118832e-05 -4.301120020251263413e-04 2.638387550643680893e-04 1.440507573715216227e-04 -3.437275822815597176e-04 -1.893945569309228572e-04 -1.383008885225127816e-04 1.016703461656925456e-03 2.951342866990218232e-06 3.240775905326071799e-06 1.631105859893590824e-05 2.276863384298123319e-06 4.142110981886349288e-06 -2.401898541976147075e-08 6.004403071332595166e-04
3.588195574224244296e-04 4.020957835004543399e-05 -2.190869431838107935e-04 1.252653080721094497e-05 5.509253708807721264e-04 3.638777433101825828e-04 2.377858341200241238e-04 2.114564039707791672e-04 -1.791382792026520514e-05 -5.127799794308157385e-04 3.473139744464647893e-04 2.048100581626147382e-04 -4.580019326465047114e-04 -2.573069811507172101e-04 -2.248899105866599833e-04 2.951342866990218232e-06 1.013271045167556594e-03 -1.673746168442515990e-06 1.339758841732483467e-05 1.742301306095596883e-06 1.856622585996876905e-06 7.607445655030778655e-08 8.920391079893763000e-04
-3.339553547680895902e-05 -4.083079468875022708e-06 1.836158190876924028e-05 -1.009538880764175376e-06 -4.511136622738401951e-05 -3.111378027228076576e-05 -1.771372218052367971e-05 -1.721895025842189736e-05 -5.810206756675210855e-06 3.340980902421587014e-05 -2.833750257819490819e-05 -1.791932449937585196e-05 3.687089738706489671e-05 2.193909723137161321e-05 2.057308291303970273e-05 3.240775905326071799e-06 -1.673746168442515990e-06 1.002775853399740002e-03 1.447217890234392632e-06 1.495081842411539828e-07 3.838248993567593603e-07 -1.105160391435435544e-07 -8.230043777041023522e-05
5.504778695456893130e-04 5.905651089710288774e-05 -3.604610991586509254e-04 1.502731735221660532e-05 8.924687132630535402e-04 5.769309038608797175e-04 3.796846761411963415e-04 3.601864222543909276e-04 -9.103544431404822545e-05 -8.993631702647725788e-04 5.798132553256561119e-04 3.279650470517572335e-04 -7.587516923532622868e-04 -4.221548702589034033e-04 -3.380853506757092956e-04 1.631105859893590824e-05 1.339758841732483467e-05 1.447217890234392632e-06 1.028785412298673660e-03 4.057208761276637365e-06 4.337633122106235150e-06 1.089933880035746708e-08 1.400626509910005146e-03
7.406777644891751134e-05 8.673839680071880715e-06 -4.952766791185634471e-05 2.053224475548966333e-06 1.203586417740038286e-04 7.748696659125740220e-05 5.034780288308306738e-05 4.996376156139839168e-05 -1.436337747163626881e-05 -1.216722604461514991e-04 7.897414149533613851e-05 4.373765692344796293e-05 -1.030029688563969663e-04 -5.820703280126826644e-05 -4.539291962775839995e-05 2.276863384298123319e-06 1.742301306095596883e-06 1.495081842411539828e-07 4.057208761276637365e-06 1.002007421231940892e-03 6.279338004928032978e-07 -5.971788025039760405e-09 1.900764834619203330e-04
1.078200684353391634e-04 1.156764291769580256e-05 -6.724624085429770093e-05 5.684530062050650401e-06 1.690933454382253219e-04 1.108978570369198994e-04 7.276160030875843544e-05 6.502911655086062760e-05 -1.079342418404077228e-05 -1.627266111980390389e-04 1.061622352017508887e-04 6.161299022300102755e-05 -1.409688311978720017e-04 -7.776474679126459295e-05 -6.563539911381528421e-05 4.142110981886349288e-06 1.856622585996876905e-06 3.838248993567593603e-07 4.337633122106235150e-06 6.279338004928032978e-07 1.001321740179965175e-03 2.781850882570531723e-08 2.641184090099584782e-04
8.184708325527929575e-06 8.101737645707010512e-07 -4.706608395693760672e-06 4.972876095034317395e-07 1.183763853446901504e-05 7.968149570082018227e-06 5.363629811528242379e-06 4.167638412553633994e-06 5.746617160765203375e-07 -1.010226230123667051e-05 6.931704343052067363e-06 4.393790377695482980e-06 -9.687826828396481018e-06 -5.176918641167283612e-06 -5.093144477462421410e-06 -2.401898541976147075e-08 7.607445655030778655e-08 -1.105160391435435544e-07 1.089933880035746708e-08 -5.971788025039760405e-09 2.781850882570531723e-08 1.000225219452316114e-03 1.928855524575749609e-05
6.937417826031469503e-02 8.219454395131850152e-03 -3.966506643091299855e-02 5.063801935122590192e-03 1.021644905902175104e-01 6.865843863041530548e-02 4.475213704560908334e-02 3.637006402311693948e-02 2.034878769037170698e-03 -8.840867867041472816e-02 6.126088206493895266e-02 3.732867368158790389e-02 -8.291576315233076255e-02 -4.556998295851555358e-02 -4.317422403133842901e-02 6.004403071332595166e-04 8.920391079893763000e-04 -8.230043777041023522e-05 1.400626509910005146e-03 1.900764834619203330e-04 2.641184090099584782e-04 1.928855524575749609e-05 1.648851686323258847e-01
