   3.4158388566864614e-03  -2.2435380764566225e-03  -1.6894874469428594e-03  -2.6424644068555165e-03   9.1375974515027849e-04   9.9903139635327209e-05  -3.0408732025133589e-03  -1.3153830235811278e-03  -3.7647787697373826e-04   3.6903885551443084e-05   2.2650182353267183e-03   1.3680634255571083e-05   6.3869299458160507e-04   1.0509257132420003e-04   5.3752198903406789e-05  -7.7423931782073835e-06   1.8797900034900335e-03  -5.7398416970829910e-03  -7.8570188752880515e-05  -1.9536999846298108e-04   6.8923113777452799e-06  -1.8477056607595055e-05  -3.9003047725818330e-03
  -2.2435380764566225e-03   5.6724529726325128e-02   2.6259301584347639e-03   4.6890867233351230e-02   6.0875229683237065e-03  -7.5020188579965107e-03   1.8805371324573470e-02   1.1617761306574667e-04  -2.3378315102283885e-03   4.9375956604581967e-04   1.1792210755512643e-02   3.8723115119706955e-05  -1.2095694460631971e-02   2.6912207050837925e-04   7.1929191944065842e-04  -3.6166025138194273e-05  -1.1495062724127545e-02   6.6693141539993062e-02  -6.4094015014965605e-04   4.0046452405192691e-04  -5.9846187072396876e-05   9.2592864251047352e-05   3.3251291207334804e-02
  -1.6894874469428594e-03   2.6259301584347639e-03   2.6599286490924624e-02   7.8191531021198964e-03  -4.1891760906579683e-03  -9.8801612683531784e-03  -1.8718302776415445e-02  -6.0833010614998982e-03  -5.8871872327504711e-03   3.8102191745916913e-04   2.1925526823753012e-03   6.2508587465088001e-05   4.2876469021717670e-03   1.2756546394534878e-03   4.5627406711918917e-04   1.0376469991013161e-05  -1.0731707091631701e-03   8.5820989307634921e-03   4.4587483344118431e-04  -4.5047305705578128e-04   1.4995008093950611e-05  -3.1777901223653451e-04   1.6813362175355902e-02
  -2.6424644068555165e-03   4.6890867233351230e-02   7.8191531021198964e-03   8.8511869612969099e-02  -3.2164939842743625e-03  -2.9494113194591574e-02   6.2969964559537323e-02   2.0899132429829492e-02  -4.1672147492690728e-03   5.6374901239950091e-04  -1.1479957569313037e-02  -7.3859857518821371e-06  -2.8043609422994362e-02   5.8224664153929458e-04   6.3837517049901535e-04  -1.7657456562817725e-04  -2.5397542538341759e-02   9.3474203283819779e-02  -5.7298456390609978e-04   5.3463337586131241e-04  -4.5233416154076340e-05   1.6100984837398582e-04   5.7898190371110658e-02
   9.1375974515027849e-04   6.0875229683237065e-03  -4.1891760906579683e-03  -3.2164939842743625e-03   1.3782099134084345e-02   4.6109807912064604e-03  -5.4770366865646656e-03  -3.8660563051494206e-03   9.5981829597020806e-04  -6.2137987893691178e-06   1.1341271495193631e-02   4.1674310937775793e-05  -7.2309592605907143e-04  -1.2018175511401263e-04  -2.7842513033635484e-05  -2.3609238372592851e-05   1.6309052587528048e-03  -4.2202925771315375e-03   4.8407197382174454e-05  -1.9544095407479834e-04  -8.0403255136975304e-07   5.8335302684325283e-06  -3.5842465356721153e-03
   9.9903139635327209e-05  -7.5020188579965107e-03  -9.8801612683531784e-03  -2.9494113194591574e-02   4.6109807912064604e-03   5.3384171367543878e-02  -6.4232604513489921e-03  -3.1693063708264470e-03   2.1901774869428469e-03  -1.9542172950233976e-04   8.6480823841400788e-03   9.0588260895747234e-06   1.0198009109524972e-02  -3.4803232966812208e-04  -2.8416169681179268e-04   8.9052403331107554e-05   4.0716449985989875e-03   1.5090121659787857e-03  -4.0542054396272044e-04   9.4155441310920357e-04   4.5945982150672179e-07   8.2473596990399262e-05  -1.9535834975327279e-02
  -3.0408732025133589e-03   1.8805371324573470e-02  -1.8718302776415445e-02   6.2969964559537323e-02  -5.4770366865646656e-03  -6.4232604513489921e-03   9.5915333376084655e-02   3.4312326822928237e-02   6.6701855210992526e-03  -2.8320575885416513e-04  -3.1857588434844659e-02  -1.2716113751885428e-04  -2.8450038426780372e-02  -1.7741406230735010e-03  -3.9960128696522824e-04  -1.9623669938870241e-04  -2.4281462766557904e-02   7.3984015723030955e-02  -1.3116383231512030e-03   1.2878672808405052e-03  -4.3898751838563058e-05   5.7347179010711926e-04   3.2587067665979755e-02
  -1.3153830235811278e-03   1.1617761306574667e-04  -6.0833010614998982e-03   2.0899132429829492e-02  -3.8660563051494206e-03  -3.1693063708264470e-03   3.4312326822928237e-02   1.7193231639750655e-02   3.4660871091837173e-03  -2.4546611307572805e-04  -1.4494101452146213e-02  -6.7660185439229808e-05  -1.0900172657788349e-02  -8.7223281677974965e-04  -3.6635858401744265e-04  -4.8726390141177930e-05  -9.6478118783930918e-03   2.2552434444286111e-02  -1.6215488728062567e-04   5.5786215728260405e-04  -9.9493377742116369e-06   1.8027569895267111e-04   1.1334761384788906e-02
  -3.7647787697373826e-04  -2.3378315102283885e-03  -5.8871872327504711e-03  -4.1672147492690728e-03   9.5981829597020806e-04   2.1901774869428469e-03   6.6701855210992526e-03   3.4660871091837173e-03   9.2483378203200243e-03  -5.8096682570536132e-04  -3.3594609112872239e-03  -5.1319867874982169e-06  -2.9010069375982948e-04  -1.9449282826233232e-03  -6.0656491681603582e-04  -8.6247795386537672e-06  -1.2028318990970276e-03  -3.3482038069022227e-03  -5.6834376971519205e-05   2.9758179617998197e-04  -1.5665275751840924e-06   3.7927721335724087e-05  -4.2938174151085978e-03
   3.6903885551443084e-05   4.9375956604581967e-04   3.8102191745916913e-04   5.6374901239950091e-04  -6.2137987893691178e-06  -1.9542172950233976e-04  -2.8320575885416513e-04  -2.4546611307572805e-04  -5.8096682570536132e-04   1.0829200283305777e-03   2.8768282339032515e-04  -3.6517323240336908e-06  -4.0046869128413427e-05   1.4885946814644304e-04   1.0333122711045821e-04   7.1645727444950884e-06   2.6889820543381488e-05   7.1693199906900588e-04  -4.6968797093398733e-05  -8.1330304715936181e-05  -1.9106375876787132e-06   2.4296023771907632e-05   5.4452249583792896e-04
   2.2650182353267183e-03   1.1792210755512643e-02   2.1925526823753012e-03  -1.1479957569313037e-02   1.1341271495193631e-02   8.6480823841400788e-03  -3.1857588434844659e-02  -1.4494101452146213e-02  -3.3594609112872239e-03   2.8768282339032515e-04   2.8386300000316486e-02   1.0298866232463861e-04   8.0218350338807781e-03   8.9138255412306311e-04   3.3573086148967768e-04   8.7638997450902347e-06   6.1674699259362115e-03  -6.7879701849150537e-03   2.1000659459079578e-04  -4.8279905588758380e-04   7.9429033851287470e-06  -3.1437445704991622e-04  -7.2576975708001732e-03
   1.3680634255571083e-05   3.8723115119706955e-05   6.2508587465088001e-05  -7.3859857518821371e-06   4.1674310937775793e-05   9.0588260895747234e-06  -1.2716113751885428e-04  -6.7660185439229808e-05  -5.1319867874982169e-06  -3.6517323240336908e-06   1.0298866232463861e-04   1.0204784225940832e-03   3.4330963077337631e-05   7.9534200521491255e-06   1.2117527023653252e-06   1.9080178766846865e-07   1.0989470468170636e-05  -1.8372861653468020e-07  -1.9914000484456489e-06  -7.4820289172906029e-06   4.2612790350338869e-06  -1.1478084594753002e-05   1.6851547436795248e-05
   6.3869299458160507e-04  -1.2095694460631971e-02   4.2876469021717670e-03  -2.8043609422994362e-02  -7.2309592605907143e-04   1.0198009109524972e-02  -2.8450038426780372e-02  -1.0900172657788349e-02  -2.9010069375982948e-04  -4.0046869128413427e-05   8.0218350338807781e-03   3.4330963077337631e-05   1.6679212553412679e-02   1.2274870920646623e-04  -6.7978789462348469e-06   4.0622799306195794e-05   1.0290487243502934e-02  -2.4023030482608496e-02   4.6853664685537459e-05  -2.6882096041088772e-04   1.9353106981439193e-05  -2.1518162601194725e-04  -1.6239667547252624e-02
   1.0509257132420003e-04   2.6912207050837925e-04   1.2756546394534878e-03   5.8224664153929458e-04  -1.2018175511401263e-04  -3.4803232966812208e-04  -1.7741406230735010e-03  -8.7223281677974965e-04  -1.9449282826233232e-03   1.4885946814644304e-04   8.9138255412306311e-04   7.9534200521491255e-06   1.2274870920646623e-04   1.5024475391321611e-03   1.4755487139513735e-04   1.6935224283586526e-06   3.1491261952139061e-04   3.2738814169646621e-04   1.5646909949821329e-05  -7.6069519161651934e-05   1.9774958325441558e-06  -5.8266914608412693e-06   7.1665532568011728e-04
   5.3752198903406789e-05   7.1929191944065842e-04   4.5627406711918917e-04   6.3837517049901535e-04  -2.7842513033635484e-05  -2.8416169681179268e-04  -3.9960128696522824e-04  -3.6635858401744265e-04  -6.0656491681603582e-04   1.0333122711045821e-04   3.3573086148967768e-04   1.2117527023653252e-06  -6.7978789462348469e-06   1.4755487139513735e-04   1.1749503291337432e-03   2.0895636443552969e-05   8.7473085141262836e-05   8.4431887340257600e-04  -1.0816484145254459e-04  -1.4540732130552032e-04  -1.6373165104895200e-06   3.9485812669827854e-05   6.8835979693525448e-04
  -7.7423931782073835e-06  -3.6166025138194273e-05   1.0376469991013161e-05  -1.7657456562817725e-04  -2.3609238372592851e-05   8.9052403331107554e-05  -1.9623669938870241e-04  -4.8726390141177930e-05  -8.6247795386537672e-06   7.1645727444950884e-06   8.7638997450902347e-06   1.9080178766846865e-07   4.0622799306195794e-05   1.6935224283586526e-06   2.0895636443552969e-05   1.0355832543064881e-03   5.0599950698218372e-05  -1.3657887711979782e-04   2.3461889239879093e-05   7.2192256181968291e-07  -3.5690567224736322e-07   1.3079419931679464e-05  -5.6951621295749437e-05
   1.8797900034900335e-03  -1.1495062724127545e-02  -1.0731707091631701e-03  -2.5397542538341759e-02   1.6309052587528048e-03   4.0716449985989875e-03  -2.4281462766557904e-02  -9.6478118783930918e-03  -1.2028318990970276e-03   2.6889820543381488e-05   6.1674699259362115e-03   1.0989470468170636e-05   1.0290487243502934e-02   3.1491261952139061e-04   8.7473085141262836e-05   5.0599950698218372e-05   1.4438191151678660e-02  -3.2160743139317063e-02   1.3335464245769902e-04  -4.0855315130042486e-04   1.1396625875521061e-05   3.3946478423284313e-06  -1.8438412472600741e-02
  -5.7398416970829910e-03   6.6693141539993062e-02   8.5820989307634921e-03   9.3474203283819779e-02  -4.2202925771315375e-03   1.5090121659787857e-03   7.3984015723030955e-02   2.2552434444286111e-02  -3.3482038069022227e-03   7.1693199906900588e-04  -6.7879701849150537e-03  -1.8372861653468020e-07  -2.4023030482608496e-02   3.2738814169646621e-04   8.4431887340257600e-04  -1.3657887711979782e-04  -3.2160743139317063e-02   1.4523685381431908e-01  -1.5179877024406505e-03   1.1856333574738588e-03  -7.2672706106506705e-05   2.0961554631385246e-04   6.9728024666230515e-02
  -7.8570188752880515e-05  -6.4094015014965605e-04   4.4587483344118431e-04  -5.7298456390609978e-04   4.8407197382174454e-05  -4.0542054396272044e-04  -1.3116383231512030e-03  -1.6215488728062567e-04  -5.6834376971519205e-05  -4.6968797093398733e-05   2.1000659459079578e-04  -1.9914000484456489e-06   4.6853664685537459e-05   1.5646909949821329e-05  -1.0816484145254459e-04   2.3461889239879093e-05   1.3335464245769902e-04  -1.5179877024406505e-03   1.3822037232054678e-03   1.2600720592026248e-04   5.9507129106410405e-07  -1.9771413082409574e-05  -3.3710313988790248e-04
  -1.9536999846298108e-04   4.0046452405192691e-04  -4.5047305705578128e-04   5.3463337586131241e-04  -1.9544095407479834e-04   9.4155441310920357e-04   1.2878672808405052e-03   5.5786215728260405e-04   2.9758179617998197e-04  -8.1330304715936181e-05  -4.8279905588758380e-04  -7.4820289172906029e-06  -2.6882096041088772e-04  -7.6069519161651934e-05  -1.4540732130552032e-04   7.2192256181968291e-07  -4.0855315130042486e-04   1.1856333574738588e-03   1.2600720592026248e-04   1.5035184596915883e-03  -2.1681485573112786e-06  -4.9488844765378771e-06   1.3861484735653209e-05
   6.8923113777452799e-06  -5.9846187072396876e-05   1.4995008093950611e-05  -4.5233416154076340e-05  -8.0403255136975304e-07   4.5945982150672179e-07  -4.3898751838563058e-05  -9.9493377742116369e-06  -1.5665275751840924e-06  -1.9106375876787132e-06   7.9429033851287470e-06   4.2612790350338869e-06   1.9353106981439193e-05   1.9774958325441558e-06  -1.6373165104895200e-06  -3.5690567224736322e-07   1.1396625875521061e-05  -7.2672706106506705e-05   5.9507129106410405e-07  -2.1681485573112786e-06   1.0013207041265240e-03  -6.2339409863734212e-06  -2.8898223132628555e-05
  -1.8477056607595055e-05   9.2592864251047352e-05  -3.1777901223653451e-04   1.6100984837398582e-04   5.8335302684325283e-06   8.2473596990399262e-05   5.7347179010711926e-04   1.8027569895267111e-04   3.7927721335724087e-05   2.4296023771907632e-05  -3.1437445704991622e-04  -1.1478084594753002e-05  -2.1518162601194725e-04  -5.8266914608412693e-06   3.9485812669827854e-05   1.3079419931679464e-05   3.3946478423284313e-06   2.0961554631385246e-04  -1.9771413082409574e-05  -4.9488844765378771e-06  -6.2339409863734212e-06   1.1341935780349037e-03   2.7521788297351524e-05
  -3.9003047725818330e-03   3.3251291207334804e-02   1.6813362175355902e-02   5.7898190371110658e-02  -3.5842465356721153e-03  -1.9535834975327279e-02   3.2587067665979755e-02   1.1334761384788906e-02  -4.2938174151085978e-03   5.4452249583792896e-04  -7.2576975708001732e-03   1.6851547436795248e-05  -1.6239667547252624e-02   7.1665532568011728e-04   6.8835979693525448e-04  -5.6951621295749437e-05  -1.8438412472600741e-02   6.9728024666230515e-02  -3.3710313988790248e-04   1.3861484735653209e-05  -2.8898223132628555e-05   2.7521788297351524e-05   4.9585224468195480e-02
