2.581702348093371846e+00 -3.665311113452901282e+00 7.758664837488573607e-01 5.883735143148944441e-02 -2.314077938083331301e-02 3.769924331250108090e-02 2.217709178897376288e-01 4.358287040101041510e-02 2.831503332331429274e-04 -2.413006768391899648e+00
-3.665311113452901282e+00 5.878818797000353591e+00 -1.448150965209283880e+00 -8.721617085693894600e-02 8.552976135219862719e-02 -6.281665450369929016e-02 -3.073955244094949690e-01 -6.741918372208102750e-02 -4.639682925165257454e-04 3.331287394776682120e+00
7.758664837488573607e-01 -1.448150965209283880e+00 1.638787799453089722e+00 1.651252419264811686e-02 -5.506907207843351332e-02 1.930613466307929890e-02 7.352872521222814095e-01 1.183314501462386439e-02 1.105468036300306369e-03 -8.830607844098322667e-01
5.883735143148944441e-02 -8.721617085693894600e-02 1.651252419264811686e-02 2.418838907189717856e-03 -5.689579241420168526e-04 8.866003360195491827e-04 3.933588770324340789e-03 1.031557477799776093e-03 1.159224503258201056e-07 -5.527955840307956226e-02
-2.314077938083331301e-02 8.552976135219862719e-02 -5.506907207843351332e-02 -5.689579241420168526e-04 8.146538274344567940e-03 -1.399928096750110897e-03 -1.060257107751238180e-02 -8.938150649617830840e-04 -7.007971143765086091e-05 -1.278334091972536946e-02
3.769924331250108090e-02 -6.281665450369929016e-02 1.930613466307929890e-02 8.866003360195491827e-04 -1.399928096750110897e-03 1.742827214101877248e-03 4.561639890381481363e-03 7.720674110466870096e-04 1.691009412754011191e-05 -3.164428250721548069e-02
2.217709178897376288e-01 -3.073955244094949690e-01 7.352872521222814095e-01 3.933588770324340789e-03 -1.060257107751238180e-02 4.561639890381481363e-03 1.026102077379834832e+00 1.192587795898892309e-03 4.767967564385499073e-04 -1.765062665133244335e-01
4.358287040101041510e-02 -6.741918372208102750e-02 1.183314501462386439e-02 1.031557477799776093e-03 -8.938150649617830840e-04 7.720674110466870096e-04 1.192587795898892309e-03 2.039807264946430932e-03 1.943452002661338190e-05 -3.747657287573283313e-02
2.831503332331429274e-04 -4.639682925165257454e-04 1.105468036300306369e-03 1.159224503258201056e-07 -7.007971143765086091e-05 1.691009412754011191e-05 4.767967564385499073e-04 1.943452002661338190e-05 1.004250351482914106e-03 -3.354508662124394182e-05
-2.413006768391899648e+00 3.331287394776682120e+00 -8.830607844098322667e-01 -5.527955840307956226e-02 -1.278334091972536946e-02 -3.164428250721548069e-02 -1.765062665133244335e-01 -3.747657287573283313e-02 -3.354508662124394182e-05 6.602219776619573821e+00
