2.851558982658141339e+00 -4.431212289710188656e+00 2.384483173870945549e+00 2.439971703592758515e-02 -1.273740611356069530e-01 3.546339455160978094e-02 -7.554445231871140809e-01 2.241837515874369954e-02 2.505377657982221229e-01 -1.060839766697470488e+00
-4.431212289710188656e+00 8.110859697149679803e+00 -4.659714725998787443e+00 -5.618372727741421935e-02 2.799825253699395611e-01 -8.056317016861842817e-02 1.504774589443205857e+00 -4.630981914284566098e-02 -2.365759520208371436e-01 2.417813213752382673e+00
2.384483173870945549e+00 -4.659714725998787443e+00 5.207064458640287441e+00 3.875488696556934898e-02 -1.392782557450446546e-01 4.348342172104457948e-02 -9.174375843405613296e-01 2.387468717388970332e-02 5.313610102033965166e-02 -1.360127145353410505e+00
2.439971703592758515e-02 -5.618372727741421935e-02 3.875488696556934898e-02 1.645160099436041544e-03 -1.445713931996175493e-03 6.500545732396839724e-04 -1.010159688331331747e-02 4.499897776432216037e-04 -1.351177009421934000e-03 -1.586658821700768357e-02
-1.273740611356069530e-01 2.799825253699395611e-01 -1.392782557450446546e-01 -1.445713931996175493e-03 2.035858718337482318e-02 -3.801484564431416042e-03 8.519114363439615756e-02 -1.299942751296253403e-03 -6.899723323873598047e-03 1.450177650778086136e-01
3.546339455160978094e-02 -8.056317016861842817e-02 4.348342172104457948e-02 6.500545732396839724e-04 -3.801484564431416042e-03 2.069598639972584225e-03 -1.731511437066364512e-02 4.905856518899090035e-04 1.242609898136545212e-04 -3.058060977867822078e-02
-7.554445231871140809e-01 1.504774589443205857e+00 -9.174375843405613296e-01 -1.010159688331331747e-02 8.519114363439615756e-02 -1.731511437066364512e-02 1.434899659026084739e+00 -8.629268334065468699e-03 -4.389568216658724237e-02 1.395661052387478840e+00
2.241837515874369954e-02 -4.630981914284566098e-02 2.387468717388970332e-02 4.499897776432216037e-04 -1.299942751296253403e-03 4.905856518899090035e-04 -8.629268334065468699e-03 1.374168059986024225e-03 -1.210193748614073650e-04 -1.338118888332462224e-02
2.505377657982221229e-01 -2.365759520208371436e-01 5.313610102033965166e-02 -1.351177009421934000e-03 -6.899723323873598047e-03 1.242609898136545212e-04 -4.389568216658724237e-02 -1.210193748614073650e-04 5.394118819328461156e-02 -4.240507237711566013e-02
-1.060839766697470488e+00 2.417813213752382673e+00 -1.360127145353410505e+00 -1.586658821700768357e-02 1.450177650778086136e-01 -3.058060977867822078e-02 1.395661052387478840e+00 -1.338118888332462224e-02 -4.240507237711566013e-02 2.192486915392299895e+00
