   6.7526418171370768e+00   1.0178694384452265e-01   9.0117394545151022e-03  -3.1488757969390224e-01   2.2266070086746050e-02   9.5585033099893746e-02   2.0637232361746027e-02  -9.8914805840032410e-03  -4.3244608093078618e-01
   1.0178694384452265e-01   8.5384824743533798e+00  -7.3525941185669853e-04  -1.6254372926086097e-01  -8.5006579367078297e-02   1.1128836346500959e+00  -4.7160274562710221e-02  -1.3797980450165571e-02  -9.4124361104802545e-02
   9.0117394545151022e-03  -7.3525941185669853e-04   1.0231638969531442e-03  -1.4848183895937273e-04   8.8941726409951085e-05   5.1889697430737244e-04   5.2641191342385573e-05  -4.1410346670282073e-04  -8.5660146898676318e-04
  -3.1488757969390224e-01  -1.6254372926086097e-01  -1.4848183895937273e-04   5.6855273480052517e+00  -5.1291813930073680e-03  -4.2674492170841910e-01   9.3759046454372594e-04   5.7661983243302200e-03  -5.6044545207595192e-02
   2.2266070086746050e-02  -8.5006579367078297e-02   8.8941726409951085e-05  -5.1291813930073680e-03   2.5936055092344247e-03   3.3965242145999984e-04   4.3237727271545895e-04  -1.0358066832475189e-03  -1.3916318247052268e-03
   9.5585033099893746e-02   1.1128836346500959e+00   5.1889697430737244e-04  -4.2674492170841910e-01   3.3965242145999984e-04   8.1286007257096156e+00  -2.1710800364979723e-03  -3.1860087892341224e-02  -6.3433804641647037e-02
   2.0637232361746027e-02  -4.7160274562710221e-02   5.2641191342385573e-05   9.3759046454372594e-04   4.3237727271545895e-04  -2.1710800364979723e-03   1.5966047274558624e-03  -7.5588426536337490e-04  -2.2081258990404684e-03
  -9.8914805840032410e-03  -1.3797980450165571e-02  -4.1410346670282073e-04   5.7661983243302200e-03  -1.0358066832475189e-03  -3.1860087892341224e-02  -7.5588426536337490e-04   2.1144808170669428e-02   1.1241521517285699e-02
  -4.3244608093078618e-01  -9.4124361104802545e-02  -8.5660146898676318e-04  -5.6044545207595192e-02  -1.3916318247052268e-03  -6.3433804641647037e-02  -2.2081258990404684e-03   1.1241521517285699e-02   5.4546421432934389e-01
