   1.0677333322910019e+00   3.5069092724608476e-03  -2.2672200514356541e-01   5.5954582555226683e-03   7.2415395209746470e-05   6.2992992884084206e-02
   3.5069092724608476e-03   1.0131658718699128e-03  -2.6661759826258842e-04   2.3271919430958853e-05  -7.8869699638868642e-08   2.0824056545974489e-04
  -2.2672200514356541e-01  -2.6661759826258842e-04   5.9995632731017343e+00  -3.2786556983069337e-03  -1.8895098044924324e-04   1.1908902707266576e-01
   5.5954582555226683e-03   2.3271919430958853e-05  -3.2786556983069337e-03   1.0750631661593942e-03   3.8575675224005727e-06  -1.0644625274604097e-05
   7.2415395209746470e-05  -7.8869699638868642e-08  -1.8895098044924324e-04   3.8575675224005727e-06   1.0015468474953750e-03  -7.0778160885732585e-05
   6.2992992884084206e-02   2.0824056545974489e-04   1.1908902707266576e-01  -1.0644625274604097e-05  -7.0778160885732585e-05   1.2168565071340829e+00
