   4.3577127278098884e-03  -3.9033402366980954e-04   6.7376899871746491e-03   7.5765615099417658e-03  -2.3029198898702505e-03  -1.7346468473278608e-02   5.0963914069110210e-03   1.8237596604341660e-04   2.3765479144785256e-03  -8.1568336706056167e-03  -2.1925391295180780e-04   1.6456677893084531e-05  -1.3903216761823866e-04  -1.3090257056481112e-05  -3.2128473306656552e-06   1.5537008692125501e-06   4.0161083973448149e-02  -3.0754864890079659e-02   6.3163897053885958e-04  -1.3263669748362631e-05   7.5165008144831634e-06   3.3824712398632070e-05  -9.2048634198586641e-03
  -3.9033402366980954e-04   7.8655331624011657e-02  -1.3236639280883045e-01  -2.5637791098112258e-02  -6.2352588365725881e-02   8.5830491346634993e-02  -1.7139357614555733e-04  -3.2560146056683871e-02  -5.3197169815269549e-02   1.0070379119994330e-01  -1.2386388310794887e-03   9.5711305450767658e-05   1.2682401384741917e-03  -2.0143556836730445e-04  -3.4267612997057340e-04  -1.7787978851985630e-04   1.1830070330345770e-02   6.5124771393600261e-02   5.1349088041314020e-04   4.9462182127032019e-04  -2.1352695692579231e-04   4.8002997437238034e-04   5.4979317858894844e-02
   6.7376899871746491e-03  -1.3236639280883045e-01   5.3888839229233254e-01  -2.9719934191335545e-01   5.9435735573305233e-02  -1.3451170298961276e-01   1.4401399368399220e-01   1.3211856960399448e-01  -1.1700340869690040e-01  -3.8483148768177933e-02   2.0241903074522546e-03  -2.2547378865537206e-04  -6.9064667692148186e-03   4.3432792436598548e-04   3.4657275502006477e-04  -1.5119384997439836e-03  -2.8254354891490147e-01   3.4336386346738063e-01  -4.0819647516608193e-04   5.4153597382338367e-03   4.1477528069982329e-04  -1.5459505992696694e-03  -1.3965508655303821e-01
   7.5765615099417658e-03  -2.5637791098112258e-02  -2.9719934191335545e-01   1.4936367807697541e+00   1.1661355581744075e-01  -4.3029331025048295e-01   1.0264219677961960e-01  -8.3781547191197167e-02   7.6638444677741091e-01  -7.3758941619027629e-01   1.7808813809284996e-02   1.5243191500765920e-04   4.6798543092777785e-03  -1.1853034069285076e-03   7.4350887685327547e-04   7.5048829554650439e-03   1.5147815081879028e+00  -2.1211928133380713e+00   6.9518317022250616e-04  -2.4552320255151965e-02  -1.1901487887766725e-04   3.4679549001384825e-03  -2.5025530995474110e-01
  -2.3029198898702505e-03  -6.2352588365725881e-02   5.9435735573305233e-02   1.1661355581744075e-01   1.0149741606650078e+00  -6.2119456323763711e-01  -3.1238440070399970e-01   3.1316199208414597e-01   6.9993347350942259e-01  -2.5598182252300761e-01   1.3147588929005395e-02   1.1236389154768151e-04  -1.4446700537381471e-02  -9.0147436365899114e-04  -4.1337331353452660e-04  -2.5018649556219838e-03  -9.5919193517803009e-02  -1.8602649417035438e-01  -2.1332694591127770e-03   9.2396886040562430e-04   2.2281789179706135e-04  -1.0271872893351788e-03   1.9327142646446405e-01
  -1.7346468473278608e-02   8.5830491346634993e-02  -1.3451170298961276e-01  -4.3029331025048295e-01  -6.2119456323763711e-01   7.7363507898365214e-01   1.0276756217899312e-01  -1.7937630379623920e-01  -5.6542391900395339e-01   3.9932112671601500e-01  -4.6735654325292418e-03  -1.0303299971444820e-04   9.0018466623158575e-03   7.5249218990872373e-04  -1.7971212027907959e-04  -1.3258265058581824e-03  -6.5548493448984246e-01   8.2927477070818389e-01  -5.4875733761523054e-03   7.7379570320405952e-03  -2.4212477825286363e-04  -1.1011566834712170e-04   2.0831743157854823e-02
   5.0963914069110210e-03  -1.7139357614555733e-04   1.4401399368399220e-01   1.0264219677961960e-01  -3.1238440070399970e-01   1.0276756217899312e-01   2.6699176161735916e-01  -6.6257945524504758e-02  -1.5299466772439657e-01   2.6445660542573260e-02   1.9770525780471882e-03  -4.3990830854521316e-05   2.4670892371548448e-03   1.0773055305891411e-04   4.4262332110829019e-04   2.9816080770361021e-03   3.5873079403170799e-01  -1.6674454784445641e-01   3.9846473115846314e-03  -3.4593719673632409e-03  -6.2936695437555831e-05   1.2305239060264523e-03  -1.4505065928005104e-01
   1.8237596604341660e-04  -3.2560146056683871e-02   1.3211856960399448e-01  -8.3781547191197167e-02   3.1316199208414597e-01  -1.7937630379623920e-01  -6.6257945524504758e-02   1.4507862153327775e-01   1.6129196911415999e-01  -5.7475145889173358e-02   4.8628257814408802e-03   6.4302830458459715e-07  -7.0435713174544657e-03  -2.0398574662030094e-04  -1.4795770618289156e-04  -1.4734536819922817e-03  -2.3472238929186162e-01   1.3247040200472610e-01  -2.9516458047585802e-03   2.5377705332248219e-03   1.2223358608387522e-04  -7.1487516236010476e-04   2.8005382539240019e-02
   2.3765479144785256e-03  -5.3197169815269549e-02  -1.1700340869690040e-01   7.6638444677741091e-01   6.9993347350942259e-01  -5.6542391900395339e-01  -1.5299466772439657e-01   1.6129196911415999e-01   8.4008057421650584e-01  -4.8801676331266197e-01   1.7999872674990088e-02   1.6699980375562367e-04  -7.0671417663090283e-03  -1.1163805569979867e-03   1.9260093604630535e-04   2.3070825207541505e-03   7.7168963888888253e-01  -1.1388677446436237e+00   1.7412688284499337e-03  -1.0226547792758845e-02   8.4450901050550314e-05   1.1511560317485254e-03  -3.7139290747743815e-03
  -8.1568336706056167e-03   1.0070379119994330e-01  -3.8483148768177933e-02  -7.3758941619027629e-01  -2.5598182252300761e-01   3.9932112671601500e-01   2.6445660542573260e-02  -5.7475145889173358e-02  -4.8801676331266197e-01   6.4184474490924615e-01  -1.0987665954337164e-02   4.3887182244785616e-05   2.5202837103521980e-03   5.2843022599183493e-04  -1.2346871099809946e-04   4.3393580260013055e-04  -4.1508839234678646e-01   1.0966957469068375e+00   5.0144868876124534e-03   7.7758889683407157e-03  -2.7396706283807439e-04   3.6928562805356810e-04   2.2676723736732377e-01
  -2.1925391295180780e-04  -1.2386388310794887e-03   2.0241903074522546e-03   1.7808813809284996e-02   1.3147588929005395e-02  -4.6735654325292418e-03   1.9770525780471882e-03   4.8628257814408802e-03   1.7999872674990088e-02  -1.0987665954337164e-02   2.4630885954829923e-03   1.6398611700613753e-06  -2.2747086723092934e-04  -3.7493681109129446e-05   3.8808512271137759e-05   1.9815810099119038e-04   1.1649570929005168e-02  -2.1714756092618723e-02   6.4094482214095409e-05  -2.5110811886236970e-04  -2.3901323843115365e-06   9.2576341770638120e-05  -3.5853611995715204e-03
   1.6456677893084531e-05   9.5711305450767658e-05  -2.2547378865537206e-04   1.5243191500765920e-04   1.1236389154768151e-04  -1.0303299971444820e-04  -4.3990830854521316e-05   6.4302830458459715e-07   1.6699980375562367e-04   4.3887182244785616e-05   1.6398611700613753e-06   1.0046581421369683e-03  -5.0344533145195070e-06   2.7493825644642916e-07   3.7100293497825246e-07   4.0639554310929654e-06   4.1044578062600319e-04  -2.8173046262497414e-04   2.5415530162905858e-06  -5.3249841110111092e-06   8.8879931671293940e-07   3.9076903546461305e-06   8.8094311096344852e-05
  -1.3903216761823866e-04   1.2682401384741917e-03  -6.9064667692148186e-03   4.6798543092777785e-03  -1.4446700537381471e-02   9.0018466623158575e-03   2.4670892371548448e-03  -7.0435713174544657e-03  -7.0671417663090283e-03   2.5202837103521980e-03  -2.2747086723092934e-04  -5.0344533145195070e-06   1.4764768356477324e-03   1.0049368248652591e-05   8.9982488842692264e-06   7.7680058584370172e-05   1.0609672579518174e-02  -6.3022746811059859e-03   1.0730068107273497e-04  -1.5025536890211756e-04  -6.6810235574899009e-06   3.6191391354886987e-05  -1.0125060353301670e-03
  -1.3090257056481112e-05  -2.0143556836730445e-04   4.3432792436598548e-04  -1.1853034069285076e-03  -9.0147436365899114e-04   7.5249218990872373e-04   1.0773055305891411e-04  -2.0398574662030094e-04  -1.1163805569979867e-03   5.2843022599183493e-04  -3.7493681109129446e-05   2.7493825644642916e-07   1.0049368248652591e-05   1.0057525531697693e-03   1.4855613910083338e-06   1.6201014300556813e-06  -1.3345654466190679e-03   1.7277553521630404e-03  -6.2251403815034194e-06   9.8674037531464987e-06   1.5365543257927780e-07  -6.4560740874343520e-07  -7.3681700566355512e-05
  -3.2128473306656552e-06  -3.4267612997057340e-04   3.4657275502006477e-04   7.4350887685327547e-04  -4.1337331353452660e-04  -1.7971212027907959e-04   4.4262332110829019e-04  -1.4795770618289156e-04   1.9260093604630535e-04  -1.2346871099809946e-04   3.8808512271137759e-05   3.7100293497825246e-07   8.9982488842692264e-06   1.4855613910083338e-06   1.0131850547119028e-03   6.6459072021972230e-05   1.4984416712034503e-03  -9.3754962391048315e-04  -1.9593918019759054e-05  -8.1047316950366043e-05  -7.9376982137657659e-07   2.0843434788007816e-05  -2.6462741469543833e-04
   1.5537008692125501e-06  -1.7787978851985630e-04  -1.5119384997439836e-03   7.5048829554650439e-03  -2.5018649556219838e-03  -1.3258265058581824e-03   2.9816080770361021e-03  -1.4734536819922817e-03   2.3070825207541505e-03   4.3393580260013055e-04   1.9815810099119038e-04   4.0639554310929654e-06   7.7680058584370172e-05   1.6201014300556813e-06   6.6459072021972230e-05   1.4609799585648239e-03   1.2710384945389487e-02  -8.4742329580944770e-03  -1.7047994336550354e-04  -6.4060252751854826e-04  -9.4299019295356169e-06   1.6640998048177247e-04  -6.0744987995038524e-05
   4.0161083973448149e-02   1.1830070330345770e-02  -2.8254354891490147e-01   1.5147815081879028e+00  -9.5919193517803009e-02  -6.5548493448984246e-01   3.5873079403170799e-01  -2.3472238929186162e-01   7.7168963888888253e-01  -4.1508839234678646e-01   1.1649570929005168e-02   4.1044578062600319e-04   1.0609672579518174e-02  -1.3345654466190679e-03   1.4984416712034503e-03   1.2710384945389487e-02   4.2470066203529626e+00  -3.0368177971544075e+00   6.3677321463873129e-02  -2.2058466482396885e-02  -2.2863243748879258e-04   5.6930241238887262e-03  -3.2584922126653032e-01
  -3.0754864890079659e-02   6.5124771393600261e-02   3.4336386346738063e-01  -2.1211928133380713e+00  -1.8602649417035438e-01   8.2927477070818389e-01  -1.6674454784445641e-01   1.3247040200472610e-01  -1.1388677446436237e+00   1.0966957469068375e+00  -2.1714756092618723e-02  -2.8173046262497414e-04  -6.3022746811059859e-03   1.7277553521630404e-03  -9.3754962391048315e-04  -8.4742329580944770e-03  -3.0368177971544075e+00   3.4925343520639016e+00  -2.3443521903316104e-02   2.9055085135601802e-02  -1.6064233257496564e-05  -3.9016644514479255e-03   4.5606546230597800e-01
   6.3163897053885958e-04   5.1349088041314020e-04  -4.0819647516608193e-04   6.9518317022250616e-04  -2.1332694591127770e-03  -5.4875733761523054e-03   3.9846473115846314e-03  -2.9516458047585802e-03   1.7412688284499337e-03   5.0144868876124534e-03   6.4094482214095409e-05   2.5415530162905858e-06   1.0730068107273497e-04  -6.2251403815034194e-06  -1.9593918019759054e-05  -1.7047994336550354e-04   6.3677321463873129e-02  -2.3443521903316104e-02   3.3235560494961759e-03   3.0366994669639598e-04   4.4594131288146265e-06  -6.8656759866675212e-05  -2.1776208936173276e-03
  -1.3263669748362631e-05   4.9462182127032019e-04   5.4153597382338367e-03  -2.4552320255151965e-02   9.2396886040562430e-04   7.7379570320405952e-03  -3.4593719673632409e-03   2.5377705332248219e-03  -1.0226547792758845e-02   7.7758889683407157e-03  -2.5110811886236970e-04  -5.3249841110111092e-06  -1.5025536890211756e-04   9.8674037531464987e-06  -8.1047316950366043e-05  -6.4060252751854826e-04  -2.2058466482396885e-02   2.9055085135601802e-02   3.0366994669639598e-04   2.4848927150291152e-03   1.3090043245330404e-05  -2.3916544756630051e-04   1.3612899652798549e-03
   7.5165008144831634e-06  -2.1352695692579231e-04   4.1477528069982329e-04  -1.1901487887766725e-04   2.2281789179706135e-04  -2.4212477825286363e-04  -6.2936695437555831e-05   1.2223358608387522e-04   8.4450901050550314e-05  -2.7396706283807439e-04  -2.3901323843115365e-06   8.8879931671293940e-07  -6.6810235574899009e-06   1.5365543257927780e-07  -7.9376982137657659e-07  -9.4299019295356169e-06  -2.2863243748879258e-04  -1.6064233257496564e-05   4.4594131288146265e-06   1.3090043245330404e-05   1.0016319634139387e-03  -5.9728029585780565e-06  -1.5363147719277615e-04
   3.3824712398632070e-05   4.8002997437238034e-04  -1.5459505992696694e-03   3.4679549001384825e-03  -1.0271872893351788e-03  -1.1011566834712170e-04   1.2305239060264523e-03  -7.1487516236010476e-04   1.1511560317485254e-03   3.6928562805356810e-04   9.2576341770638120e-05   3.9076903546461305e-06   3.6191391354886987e-05  -6.4560740874343520e-07   2.0843434788007816e-05   1.6640998048177247e-04   5.6930241238887262e-03  -3.9016644514479255e-03  -6.8656759866675212e-05  -2.3916544756630051e-04  -5.9728029585780565e-06   1.1124176827116076e-03   2.3095394607542332e-04
  -9.2048634198586641e-03   5.4979317858894844e-02  -1.3965508655303821e-01  -2.5025530995474110e-01   1.9327142646446405e-01   2.0831743157854823e-02  -1.4505065928005104e-01   2.8005382539240019e-02  -3.7139290747743815e-03   2.2676723736732377e-01  -3.5853611995715204e-03   8.8094311096344852e-05  -1.0125060353301670e-03  -7.3681700566355512e-05  -2.6462741469543833e-04  -6.0744987995038524e-05  -3.2584922126653032e-01   4.5606546230597800e-01  -2.1776208936173276e-03   1.3612899652798549e-03  -1.5363147719277615e-04   2.3095394607542332e-04   2.5530966319867959e-01
