1.192695074713592211e-03 1.101594376416092317e-04 7.852242576099494607e-05 2.503268674596039533e-05 -2.800950306514218380e-04 -5.182176079120102432e-05 6.304696001654409019e-05 -7.733309053328497006e-05 -1.068117899437101342e-03 -3.244079909541556193e-04 -1.638497497887785731e-04 1.520827146420285767e-04 -1.702012170822324311e-04 -2.539885817759330534e-05 -2.299855638938216255e-04 7.385310308796419295e-06 5.654468971298802752e-06 4.319473529425695284e-05 3.254677518652465413e-05 1.419185972824318388e-04 -1.158984899711775552e-06 -4.044398425497483608e-07 1.499995534479622622e-04
1.101594376416092317e-04 1.848697516355863940e-03 1.079313235510863346e-04 -3.697365439924803600e-04 -1.377897885029190448e-03 1.505651322852174677e-04 3.818161787195347139e-04 -1.866324752436885302e-04 -4.720423988291370249e-03 -2.029430536927525914e-03 -9.031003785578726540e-04 8.778886875370960031e-04 -3.607998580441888954e-04 3.136005122156471548e-04 -5.024284855275543268e-04 2.319530846087652860e-05 1.516046756750096126e-05 1.007930584092744827e-04 1.203989891670771272e-04 5.929885606110053397e-04 -1.397096224616610760e-05 -1.054048712484543164e-06 1.042959209874988252e-03
7.852242576099494607e-05 1.079313235510863346e-04 1.087205132358142834e-03 -7.352239289601720558e-06 -2.424933851013345669e-04 -1.879382585902711464e-05 3.135462927160102538e-05 -3.783760231815007835e-05 -8.396856170527272276e-04 -3.003874158762626762e-04 -1.337065592801728840e-04 1.429205023764350962e-04 -1.194597877276241330e-04 -6.225645965849794625e-07 -1.271079869467097974e-04 9.017218243737691198e-06 2.955054550134073426e-06 3.362084899588812506e-05 2.790138644125527334e-05 1.166511590740257397e-04 -8.157556970647241187e-07 -3.716209905486931529e-07 1.257407324534267940e-04
2.503268674596039533e-05 -3.697365439924803600e-04 -7.352239289601720558e-06 1.224063524851948638e-03 5.511214352111332019e-04 -1.010206318020563426e-04 -1.601795987904364638e-04 4.296901566244036059e-05 1.840078827317171350e-03 8.590324180798984167e-04 3.625096836502174455e-04 -3.583009369918582158e-04 9.848961005556416915e-05 -1.698637458284841194e-04 1.386855807101316921e-04 -6.055626061528442337e-06 -6.852852622124322777e-06 -2.763626471003628445e-05 -4.384070011665289830e-05 -2.257736867942564975e-04 6.800125521653230171e-06 3.390316860218627282e-07 -4.468369431126606017e-04
-2.800950306514218380e-04 -1.377897885029190448e-03 -2.424933851013345669e-04 5.511214352111332019e-04 3.436649557858477248e-03 -2.021361722681605695e-04 -6.046063900140917057e-04 3.340720917137953946e-04 8.208532942739371965e-03 3.432289399098862291e-03 1.553982169871304499e-03 -1.544466387722510112e-03 7.303387451127541299e-04 -4.836210661951946673e-04 9.477959962359901614e-04 -5.043532408589230577e-05 -3.002745570310334057e-05 -2.072767182025985204e-04 -2.249271352267455284e-04 -1.059626697839659249e-03 2.177618514172797757e-05 2.796677451120104922e-06 -1.746966194661024249e-03
-5.182176079120102432e-05 1.505651322852174677e-04 -1.879382585902711464e-05 -1.010206318020563426e-04 -2.021361722681605695e-04 1.092307788258488691e-03 7.595144802235435542e-05 -2.629249415014886138e-05 -6.802826375929092858e-04 -3.544333548442813722e-04 -1.548104727346523034e-04 1.444811462739552840e-04 9.432585100894675864e-06 9.694472900883478370e-05 -3.241065738061238487e-05 2.919169361747037391e-06 8.315709832162320465e-07 1.010393087561900175e-06 1.525716897537498235e-05 8.277582268459970363e-05 -2.507178823010060475e-06 -1.372084852277287577e-07 2.260504560157706555e-04
6.304696001654409019e-05 3.818161787195347139e-04 3.135462927160102538e-05 -1.601795987904364638e-04 -6.046063900140917057e-04 7.595144802235435542e-05 1.224649945383349476e-03 -1.078213536091635261e-04 -2.164808918400604101e-03 -9.207990493673635273e-04 -4.272911998626958367e-04 3.703127872316450803e-04 -1.419280059015059960e-04 1.437629807187010972e-04 -2.460232607338884176e-04 7.175936360722888362e-06 7.382308683656297090e-06 3.563983579975558606e-05 4.958967941218360626e-05 2.571708969996363853e-04 -6.198270463004444931e-06 -4.038423148888251540e-07 4.956872020758175314e-04
-7.733309053328497006e-05 -1.866324752436885302e-04 -3.783760231815007835e-05 4.296901566244036059e-05 3.340720917137953946e-04 -2.629249415014886138e-05 -1.078213536091635261e-04 1.107184149540064132e-03 1.236414186115521348e-03 4.837179512812904382e-04 2.336347896151954196e-04 -2.033582631475457461e-04 9.225738976143744757e-05 -4.650468701413460132e-05 1.834253756046388896e-04 -7.027370265803014202e-06 -3.419682878862678484e-06 -2.731535937350643945e-05 -3.143481483145945803e-05 -1.541337002937798975e-04 2.891221062876039920e-06 2.750527484482091587e-07 -2.815594245565009230e-04
-1.068117899437101342e-03 -4.720423988291370249e-03 -8.396856170527272276e-04 1.840078827317171350e-03 8.208532942739371965e-03 -6.802826375929092858e-04 -2.164808918400604101e-03 1.236414186115521348e-03 2.922818969821601789e-02 1.174247901320564502e-02 5.316326602329653726e-03 -5.165126052651493327e-03 2.433318728133292228e-03 -1.600704859445956129e-03 3.356185682272733346e-03 -1.596166855717013082e-04 -9.964184696715849355e-05 -6.781776595387263356e-04 -7.499100454426392429e-04 -3.589957982736034434e-03 7.437798468909490740e-05 8.204310218105035434e-06 -6.025440374836477792e-03
-3.244079909541556193e-04 -2.029430536927525914e-03 -3.003874158762626762e-04 8.590324180798984167e-04 3.432289399098862291e-03 -3.544333548442813722e-04 -9.207990493673635273e-04 4.837179512812904382e-04 1.174247901320564502e-02 6.004223227205187328e-03 2.244747388581388049e-03 -2.186260856100280710e-03 9.377462651973393929e-04 -7.466117114727694772e-04 1.303503223382469116e-03 -6.223508881484584806e-05 -4.032363149679264280e-05 -2.637253377465157323e-04 -3.062059909142385078e-04 -1.484413326834883124e-03 3.340541607697701336e-05 3.148441113408923110e-06 -2.574684369037297943e-03
-1.638497497887785731e-04 -9.031003785578726540e-04 -1.337065592801728840e-04 3.625096836502174455e-04 1.553982169871304499e-03 -1.548104727346523034e-04 -4.272911998626958367e-04 2.336347896151954196e-04 5.316326602329653726e-03 2.244747388581388049e-03 2.041321573584898783e-03 -9.969009372730579938e-04 4.305884039017562567e-04 -3.381428204400865173e-04 6.126183675529068336e-04 -3.123400481015794090e-05 -1.699823260722644109e-05 -1.240385540377366758e-04 -1.408455893814406087e-04 -6.750232049793410821e-04 1.440116881445899193e-05 1.610777724952020965e-06 -1.173475093287353532e-03
1.520827146420285767e-04 8.778886875370960031e-04 1.429205023764350962e-04 -3.583009369918582158e-04 -1.544466387722510112e-03 1.444811462739552840e-04 3.703127872316450803e-04 -2.033582631475457461e-04 -5.165126052651493327e-03 -2.186260856100280710e-03 -9.969009372730579938e-04 2.018780981501056612e-03 -4.481261020631617130e-04 3.290419518951659579e-04 -5.822022549252548222e-04 3.340859769157726394e-05 1.741622665331004309e-05 1.313086787959675519e-04 1.429048896705804915e-04 6.714989017932720830e-04 -1.403081307499552310e-05 -1.750802108159381377e-06 1.124699800771654119e-03
-1.702012170822324311e-04 -3.607998580441888954e-04 -1.194597877276241330e-04 9.848961005556416915e-05 7.303387451127541299e-04 9.432585100894675864e-06 -1.419280059015059960e-04 9.225738976143744757e-05 2.433318728133292228e-03 9.377462651973393929e-04 4.305884039017562567e-04 -4.481261020631617130e-04 1.315976161982857200e-03 -8.342296766395412161e-05 3.372987635026894384e-04 -1.905845800220074983e-05 -1.185881126318685267e-05 -8.650178536645598197e-05 -7.514877549279051381e-05 -3.308047311175596949e-04 5.122446830297057117e-06 1.126755719932990851e-06 -4.297348331509381891e-04
-2.539885817759330534e-05 3.136005122156471548e-04 -6.225645965849794625e-07 -1.698637458284841194e-04 -4.836210661951946673e-04 9.694472900883478370e-05 1.437629807187010972e-04 -4.650468701413460132e-05 -1.600704859445956129e-03 -7.466117114727694772e-04 -3.381428204400865173e-04 3.290419518951659579e-04 -8.342296766395412161e-05 1.174775471894472798e-03 -1.272758455971579586e-04 6.722384301977115097e-06 5.479217725630477768e-06 2.479265984580131577e-05 3.906091446504540363e-05 1.985796003155884963e-04 -5.505510581113646629e-06 -4.230043461386411930e-07 3.997356185981931981e-04
-2.299855638938216255e-04 -5.024284855275543268e-04 -1.271079869467097974e-04 1.386855807101316921e-04 9.477959962359901614e-04 -3.241065738061238487e-05 -2.460232607338884176e-04 1.834253756046388896e-04 3.356185682272733346e-03 1.303503223382469116e-03 6.126183675529068336e-04 -5.822022549252548222e-04 3.372987635026894384e-04 -1.272758455971579586e-04 1.509294974548898178e-03 -2.153886804982009325e-05 -1.247258632460062997e-05 -9.328972846694536956e-05 -9.295200215262993564e-05 -4.338101592331181956e-04 7.082474604176523515e-06 1.136949920938249609e-06 -6.863659992845698920e-04
7.385310308796419295e-06 2.319530846087652860e-05 9.017218243737691198e-06 -6.055626061528442337e-06 -5.043532408589230577e-05 2.919169361747037391e-06 7.175936360722888362e-06 -7.027370265803014202e-06 -1.596166855717013082e-04 -6.223508881484584806e-05 -3.123400481015794090e-05 3.340859769157726394e-05 -1.905845800220074983e-05 6.722384301977115097e-06 -2.153886804982009325e-05 1.003994394358366949e-03 -8.185490301100771818e-07 7.486332298832562091e-06 6.204285531157145966e-06 2.355248557944957175e-05 4.654641835803014453e-07 -1.013470620900533541e-07 3.412750882579141754e-05
5.654468971298802752e-06 1.516046756750096126e-05 2.955054550134073426e-06 -6.852852622124322777e-06 -3.002745570310334057e-05 8.315709832162320465e-07 7.382308683656297090e-06 -3.419682878862678484e-06 -9.964184696715849355e-05 -4.032363149679264280e-05 -1.699823260722644109e-05 1.741622665331004309e-05 -1.185881126318685267e-05 5.479217725630477768e-06 -1.247258632460062997e-05 -8.185490301100771818e-07 1.002959975305169407e-03 1.888851466526971331e-06 3.250515565650889417e-06 1.378448139544316030e-05 -8.984479208028855110e-07 -1.081778282767283661e-07 1.856046854828563840e-05
4.319473529425695284e-05 1.007930584092744827e-04 3.362084899588812506e-05 -2.763626471003628445e-05 -2.072767182025985204e-04 1.010393087561900175e-06 3.563983579975558606e-05 -2.731535937350643945e-05 -6.781776595387263356e-04 -2.637253377465157323e-04 -1.240385540377366758e-04 1.313086787959675519e-04 -8.650178536645598197e-05 2.479265984580131577e-05 -9.328972846694536956e-05 7.486332298832562091e-06 1.888851466526971331e-06 1.027105357377000117e-03 2.269323659754313651e-05 9.571971961926063407e-05 -1.362055693779200169e-06 -3.299816414174774640e-07 1.257270650135711436e-04
3.254677518652465413e-05 1.203989891670771272e-04 2.790138644125527334e-05 -4.384070011665289830e-05 -2.249271352267455284e-04 1.525716897537498235e-05 4.958967941218360626e-05 -3.143481483145945803e-05 -7.499100454426392429e-04 -3.062059909142385078e-04 -1.408455893814406087e-04 1.429048896705804915e-04 -7.514877549279051381e-05 3.906091446504540363e-05 -9.295200215262993564e-05 6.204285531157145966e-06 3.250515565650889417e-06 2.269323659754313651e-05 1.023645364452344933e-03 1.022671907256979593e-04 -2.000386392179070516e-06 -3.238058836553385191e-07 1.563266393784059130e-04
1.419185972824318388e-04 5.929885606110053397e-04 1.166511590740257397e-04 -2.257736867942564975e-04 -1.059626697839659249e-03 8.277582268459970363e-05 2.571708969996363853e-04 -1.541337002937798975e-04 -3.589957982736034434e-03 -1.484413326834883124e-03 -6.750232049793410821e-04 6.714989017932720830e-04 -3.308047311175596949e-04 1.985796003155884963e-04 -4.338101592331181956e-04 2.355248557944957175e-05 1.378448139544316030e-05 9.571971961926063407e-05 1.022671907256979593e-04 1.473591566645999010e-03 -9.493411647311919067e-06 -1.252686228297013907e-06 7.578216636014000612e-04
-1.158984899711775552e-06 -1.397096224616610760e-05 -8.157556970647241187e-07 6.800125521653230171e-06 2.177618514172797757e-05 -2.507178823010060475e-06 -6.198270463004444931e-06 2.891221062876039920e-06 7.437798468909490740e-05 3.340541607697701336e-05 1.440116881445899193e-05 -1.403081307499552310e-05 5.122446830297057117e-06 -5.505510581113646629e-06 7.082474604176523515e-06 4.654641835803014453e-07 -8.984479208028855110e-07 -1.362055693779200169e-06 -2.000386392179070516e-06 -9.493411647311919067e-06 1.000778233945961038e-03 1.245340521764075570e-08 -1.633149086105274562e-05
-4.044398425497483608e-07 -1.054048712484543164e-06 -3.716209905486931529e-07 3.390316860218627282e-07 2.796677451120104922e-06 -1.372084852277287577e-07 -4.038423148888251540e-07 2.750527484482091587e-07 8.204310218105035434e-06 3.148441113408923110e-06 1.610777724952020965e-06 -1.750802108159381377e-06 1.126755719932990851e-06 -4.230043461386411930e-07 1.136949920938249609e-06 -1.013470620900533541e-07 -1.081778282767283661e-07 -3.299816414174774640e-07 -3.238058836553385191e-07 -1.252686228297013907e-06 1.245340521764075570e-08 1.000059437119892557e-03 -1.715755000720520080e-06
1.499995534479622622e-04 1.042959209874988252e-03 1.257407324534267940e-04 -4.468369431126606017e-04 -1.746966194661024249e-03 2.260504560157706555e-04 4.956872020758175314e-04 -2.815594245565009230e-04 -6.025440374836477792e-03 -2.574684369037297943e-03 -1.173475093287353532e-03 1.124699800771654119e-03 -4.297348331509381891e-04 3.997356185981931981e-04 -6.863659992845698920e-04 3.412750882579141754e-05 1.856046854828563840e-05 1.257270650135711436e-04 1.563266393784059130e-04 7.578216636014000612e-04 -1.633149086105274562e-05 -1.715755000720520080e-06 2.424803168954259985e-03
