   3.0157513125784178e+01   1.1003329418280776e-01   4.9488116640178305e-02   1.2003474155571991e+00   7.8948937506092914e-02   1.2278151176126604e+00   8.4001626162050841e-02   5.1559991870861333e-01  -1.0445863135677046e-01
   1.1003329418280776e-01   6.4106734532851775e+00  -2.0632550099903956e-03   2.3911709305872519e-01  -2.6996799993137820e-02   6.5346008670388278e-01  -6.3484232833279405e-02   2.2612688402783618e-02   3.6820823899105881e-01
   4.9488116640178305e-02  -2.0632550099903956e-03   1.1618646691411302e-03   1.4890691981192532e-03   2.6613373232240215e-04   3.7518792569588417e-04   2.9265449710287416e-04  -1.0243443371024110e-03  -1.2188141713627481e-03
   1.2003474155571991e+00   2.3911709305872519e-01   1.4890691981192532e-03   6.4738984742830326e+00  -5.9713486869219217e-03   6.8236429336928986e-02  -4.2831256053335164e-04   3.1375691023389600e-02   2.6649409095794274e-01
   7.8948937506092914e-02  -2.6996799993137820e-02   2.6613373232240215e-04  -5.9713486869219217e-03   1.6720304885646043e-03   3.3274867066155874e-03   5.7436766793973987e-04  -1.5022335845787898e-03  -3.0689276913752265e-03
   1.2278151176126604e+00   6.5346008670388278e-01   3.7518792569588417e-04   6.8236429336928986e-02   3.3274867066155874e-03   7.8200204831165703e+00  -2.6733686049687017e-04   6.0190179703802672e-02   1.0785464005557031e+00
   8.4001626162050841e-02  -6.3484232833279405e-02   2.9265449710287416e-04  -4.2831256053335164e-04   5.7436766793973987e-04  -2.6733686049687017e-04   2.3899683190295486e-03  -2.0374579197644841e-03  -4.2947914418583260e-03
   5.1559991870861333e-01   2.2612688402783618e-02  -1.0243443371024110e-03   3.1375691023389600e-02  -1.5022335845787898e-03   6.0190179703802672e-02  -2.0374579197644841e-03   6.1125223793968606e-02   1.9916779273879994e-02
  -1.0445863135677046e-01   3.6820823899105881e-01  -1.2188141713627481e-03   2.6649409095794274e-01  -3.0689276913752265e-03   1.0785464005557031e+00  -4.2947914418583260e-03   1.9916779273879994e-02   5.8481166156651856e+00
