   1.2636755044807428e+01   3.8643977601034149e-02   7.4988389014834702e-03   4.9802229955011532e-02   6.8853850788499360e-01   2.1036416399555183e-01
   3.8643977601034149e-02   1.3398443272228994e-03   2.0478435753111299e-04   2.0733470964633406e-04  -5.3005716145952146e-06  -2.9775343918635503e-04
   7.4988389014834702e-03   2.0478435753111299e-04   1.2281547470700319e-03   8.2962815430973734e-06  -8.9005562649139636e-04  -2.5780988429937373e-03
   4.9802229955011532e-02   2.0733470964633406e-04   8.2962815430973734e-06   1.2787872634801572e-03   1.7088695790188533e-03   2.6858134226563188e-03
   6.8853850788499360e-01  -5.3005716145952146e-06  -8.9005562649139636e-04   1.7088695790188533e-03   6.8117771198388702e-02  -7.0568426254681623e-03
   2.1036416399555183e-01  -2.9775343918635503e-04  -2.5780988429937373e-03   2.6858134226563188e-03  -7.0568426254681623e-03   3.8814458210679237e+00
