   8.9808122970695869e+00  -1.8053195011436964e+00   9.8965833640252160e-02   3.7356730096542799e-02  -2.3363651235996069e-02  -4.1439943865634543e-01   9.9111897655919531e-02   3.5275341132153543e-01  -6.2894189155871152e-02
  -1.8053195011436964e+00   2.4468470024397213e+01  -2.3975528255320735e-03   5.7319550909754366e-02  -2.3732645919157305e-01   6.2513283165863367e+00  -1.7195178098371453e-01  -1.9029276209134133e-01   2.2586143262242224e-02
   9.8965833640252160e-02  -2.3975528255320735e-03   2.7008061905169937e-03   7.6957097996027820e-04  -9.3955214827224427e-04  -1.7634522974207564e-03   1.2672138859534745e-03  -8.5734158247027976e-04  -9.1991449756018693e-04
   3.7356730096542799e-02   5.7319550909754366e-02   7.6957097996027820e-04   1.7427190333039427e-03  -1.7165308632540238e-03   7.2945486613316835e-03   3.2643478038244466e-04  -6.3374799022958229e-04  -1.5065924411570698e-03
  -2.3363651235996069e-02  -2.3732645919157305e-01  -9.3955214827224427e-04  -1.7165308632540238e-03   7.2623844826230424e-03  -1.8483761566100494e-02   3.9827231708800464e-04   3.2775634024564040e-03   3.4684040064737035e-03
  -4.1439943865634543e-01   6.2513283165863367e+00  -1.7634522974207564e-03   7.2945486613316835e-03  -1.8483761566100494e-02   9.8982708770946175e+00  -9.2010797355971702e-02  -3.3747753372543127e-02  -1.3001990076219020e-02
   9.9111897655919531e-02  -1.7195178098371453e-01   1.2672138859534745e-03   3.2643478038244466e-04   3.9827231708800464e-04  -9.2010797355971702e-02   4.1125920294189733e-03   2.7709425367136603e-03  -2.2432001595927057e-03
   3.5275341132153543e-01  -1.9029276209134133e-01  -8.5734158247027976e-04  -6.3374799022958229e-04   3.2775634024564040e-03  -3.3747753372543127e-02   2.7709425367136603e-03   6.4070169715166242e-02  -8.7639064401758213e-03
  -6.2894189155871152e-02   2.2586143262242224e-02  -9.1991449756018693e-04  -1.5065924411570698e-03   3.4684040064737035e-03  -1.3001990076219020e-02  -2.2432001595927057e-03  -8.7639064401758213e-03   2.8033904802974552e-01
