   1.7975924668122996e+01   9.8267093169383257e-02  -1.1874511566760596e-02   1.8996551436071235e-01   7.3373617774365396e-01  -7.6869000610690685e-02
   9.8267093169383257e-02   2.7505023846700291e-03   1.5779920119339001e-03  -1.7579387235368646e-04  -3.2962741615437385e-03   4.3861685420671840e-04
  -1.1874511566760596e-02   1.5779920119339001e-03   4.0205857426096571e-03  -2.2761270781140788e-03  -8.8966345176557365e-03   1.3668756280963167e-03
   1.8996551436071235e-01  -1.7579387235368646e-04  -2.2761270781140788e-03   4.8657098391059628e-03   1.3818813330536408e-02  -2.1253265837478793e-03
   7.3373617774365396e-01  -3.2962741615437385e-03  -8.8966345176557365e-03   1.3818813330536408e-02   8.8087759690864714e-02  -1.4136836080825346e-02
  -7.6869000610690685e-02   4.3861685420671840e-04   1.3668756280963167e-03  -2.1253265837478793e-03  -1.4136836080825346e-02   2.9444413603983721e-01
