1.303179395067278383e-03 -1.050451046209320430e-03 2.149670902236399642e-04 1.149857198027160593e-04 8.877058597551099051e-04 -1.987804413326976186e-04 4.675467994483042131e-04 4.486320866559302309e-04 -3.744183257766183203e-05 -1.585817258377028973e-03 -1.136297649314905751e-03 -3.272157651809275212e-04 4.832465970560181250e-04 -1.166112402944082714e-04 -1.799903782673608645e-04 2.660635997958246697e-06 2.993767543984386171e-05 -8.873908428379992895e-06 4.090971118471667856e-05 1.844485071378070158e-04 1.431214715231728805e-06 2.138925886384553549e-07 7.939185824604532522e-04
-1.050451046209320430e-03 1.129409700564570733e-02 -8.657146360231878510e-04 -1.407396568892076887e-03 -6.563462724783921190e-03 1.033526937726784566e-03 -4.950909875646725133e-03 -3.330216430298707248e-03 1.527348241027004115e-03 1.382065352156841044e-02 9.071159196402901401e-03 2.054955846061858830e-03 -4.628247354908366848e-03 1.194005906755753101e-03 2.542323058129636716e-04 -1.847720084314567578e-05 -3.075472636894349535e-04 1.192916122260487272e-04 -4.280655780016046292e-04 -1.818899434680066153e-03 -1.144384258000604644e-06 7.239215963279401932e-06 -5.828915233394202887e-03
2.149670902236399642e-04 -8.657146360231878510e-04 1.339157012050273864e-03 1.508140882175170957e-04 7.610062322821406228e-04 -1.613547898038729378e-04 3.595236185313793200e-04 3.476040758986173075e-04 1.986874796604653625e-04 -1.120182143597550466e-03 -7.933135432030599243e-04 -3.670978576642656022e-04 5.391794732223743544e-04 -2.743724530980707764e-04 -1.515577481368181746e-04 -4.264130953538395652e-06 1.314103490074120891e-05 -9.307807780773506158e-07 5.329148591273148765e-06 6.152886483585600318e-05 4.344945679856707124e-07 7.658233371066912041e-07 8.270994531263859990e-04
1.149857198027160593e-04 -1.407396568892076887e-03 1.508140882175170957e-04 1.324758599539366602e-03 8.054424120080855981e-04 -8.524724729098816169e-05 6.226109301457800633e-04 3.787333221933617466e-04 -1.639948387376324770e-04 -1.697203125189111891e-03 -1.053674849604370250e-03 -2.874103312045057034e-04 6.390761861055863774e-04 -3.271252736590810691e-04 7.840745878312367048e-05 -1.930904268145241411e-06 3.812766656462774235e-05 -1.517703347718619808e-05 4.872904391787485082e-05 2.193607562163597553e-04 -8.669266756670949889e-07 7.612802958403805255e-09 7.808708038915546925e-04
8.877058597551099051e-04 -6.563462724783921190e-03 7.610062322821406228e-04 8.054424120080855981e-04 5.858338306886308293e-03 -9.091117049540943301e-04 3.230425077113061039e-03 2.369751287766885643e-03 -9.284942513986657511e-04 -9.434636796975400322e-03 -6.310547083269116113e-03 -1.581979991788993230e-03 3.123766018736096918e-03 -7.424159848996398844e-04 -6.001169229552550137e-04 1.174712618997184216e-05 2.066610050447938390e-04 -8.187099754990249121e-05 2.822086203266177019e-04 1.211913125648209511e-03 1.039097061918295272e-06 -4.561016102050884872e-06 4.099774734880773895e-03
-1.987804413326976186e-04 1.033526937726784566e-03 -1.613547898038729378e-04 -8.524724729098816169e-05 -9.091117049540943301e-04 1.263687523711372763e-03 -5.189560511545599679e-04 -4.370407570790325793e-04 1.866247356955926971e-04 1.671089377294737071e-03 1.144329272750092613e-03 3.084181691130581117e-04 -4.918014470975839341e-04 8.489188169987775155e-05 1.994535088991942313e-04 -3.446840192538100418e-06 -3.654837279405864005e-05 1.538331774539914654e-05 -5.093368602479434669e-05 -2.163369436888719973e-04 -4.168871531946486661e-07 1.209718717191226860e-06 -7.185564813535884679e-04
4.675467994483042131e-04 -4.950909875646725133e-03 3.595236185313793200e-04 6.226109301457800633e-04 3.230425077113061039e-03 -5.189560511545599679e-04 3.517003247144634935e-03 1.616028960745824299e-03 -8.859901191904456189e-04 -6.838721715068537231e-03 -4.463898909943626522e-03 -9.612639572005950064e-04 2.238372091611361483e-03 -4.769862128002697998e-04 -1.837042932373526415e-04 1.053247714350412537e-05 1.571061351480415309e-04 -6.410913480633173903e-05 2.220328123727888757e-04 9.311715886102808022e-04 -1.243733554141858386e-07 -4.158654456660288920e-06 2.762073246649984597e-03
4.486320866559302309e-04 -3.330216430298707248e-03 3.476040758986173075e-04 3.787333221933617466e-04 2.369751287766885643e-03 -4.370407570790325793e-04 1.616028960745824299e-03 2.306494701616826348e-03 -3.725749587084380230e-04 -4.770999072960310262e-03 -3.302609649825820511e-03 -7.912798781190487048e-04 1.501477230533037515e-03 -2.784991570826490033e-04 -3.070069247436414922e-04 6.740779737799474997e-06 9.848342737179927129e-05 -3.653475725324646992e-05 1.366703667175526234e-04 5.982613431636827966e-04 1.290639386998195629e-06 -2.305399677945288746e-06 2.082244170680567791e-03
-3.744183257766183203e-05 1.527348241027004115e-03 1.986874796604653625e-04 -1.639948387376324770e-04 -9.284942513986657511e-04 1.866247356955926971e-04 -8.859901191904456189e-04 -3.725749587084380230e-04 2.109514044843455605e-03 2.486369454661195404e-03 1.472127201345530467e-03 5.321411151831078972e-05 -4.913514406705652565e-04 -1.609053786132878214e-05 -3.848444641328837413e-05 -1.861129938195277674e-05 -8.268392411717859409e-05 4.374148743260746717e-05 -1.473119702393987376e-04 -5.343743534624771727e-04 3.885897410872113338e-07 3.965173266352140361e-06 -3.449958204246910873e-04
-1.585817258377028973e-03 1.382065352156841044e-02 -1.120182143597550466e-03 -1.697203125189111891e-03 -9.434636796975400322e-03 1.671089377294737071e-03 -6.838721715068537231e-03 -4.770999072960310262e-03 2.486369454661195404e-03 2.062898100979571742e-02 1.299931405829675424e-02 2.876399174251396702e-03 -6.181762305358757745e-03 1.287581781186885243e-03 7.904333460507931633e-04 -3.800753409395687683e-05 -4.438025132704014183e-04 1.787112923835837246e-04 -6.386131456340884537e-04 -2.676961756131236020e-03 -2.786555979616563552e-06 1.161633298167536156e-05 -7.907732913828239424e-03
-1.136297649314905751e-03 9.071159196402901401e-03 -7.933135432030599243e-04 -1.053674849604370250e-03 -6.310547083269116113e-03 1.144329272750092613e-03 -4.463898909943626522e-03 -3.302609649825820511e-03 1.472127201345530467e-03 1.299931405829675424e-02 9.824079441766183848e-03 1.961624720190409833e-03 -4.019802896676314199e-03 7.542783698316105848e-04 6.778137510127485010e-04 -2.400060692849744715e-05 -2.857060392103279558e-04 1.131571603853313461e-04 -4.093454882564630704e-04 -1.738546235220366073e-03 -2.769950641397173478e-06 7.121062175380841262e-06 -5.349733487736255642e-03
-3.272157651809275212e-04 2.054955846061858830e-03 -3.670978576642656022e-04 -2.874103312045057034e-04 -1.581979991788993230e-03 3.084181691130581117e-04 -9.612639572005950064e-04 -7.912798781190487048e-04 5.321411151831078972e-05 2.876399174251396702e-03 1.961624720190409833e-03 1.638148896120364840e-03 -1.042094437758837562e-03 3.374334930240167332e-04 2.370751918344125885e-04 2.761841348198798665e-06 -5.564740622877103749e-05 2.020797752494614226e-05 -6.500507026046600247e-05 -3.130839076619455199e-04 1.168596718920588760e-07 3.256691939596360396e-07 -1.480593970044900192e-03
4.832465970560181250e-04 -4.628247354908366848e-03 5.391794732223743544e-04 6.390761861055863774e-04 3.123766018736096918e-03 -4.918014470975839341e-04 2.238372091611361483e-03 1.501477230533037515e-03 -4.913514406705652565e-04 -6.181762305358757745e-03 -4.019802896676314199e-03 -1.042094437758837562e-03 3.331805126310952332e-03 -7.123921101047382123e-04 -1.889573176886835877e-04 2.510640599082693858e-06 1.341854719797895242e-04 -5.165634508204407054e-05 1.712892002075963301e-04 7.486371743445429479e-04 1.184844234646378750e-07 -2.661416093635850567e-06 2.826619927767828108e-03
-1.166112402944082714e-04 1.194005906755753101e-03 -2.743724530980707764e-04 -3.271252736590810691e-04 -7.424159848996398844e-04 8.489188169987775155e-05 -4.769862128002697998e-04 -2.784991570826490033e-04 -1.609053786132878214e-05 1.287581781186885243e-03 7.542783698316105848e-04 3.374334930240167332e-04 -7.123921101047382123e-04 1.559172388278706441e-03 -8.191540646629591482e-05 7.784073605690936218e-06 -2.782643046821496179e-05 1.132099182728448513e-05 -2.025588677599048676e-05 -1.161205106832750931e-04 1.077102170439776608e-06 -1.410481037293266329e-06 -8.104633121831105076e-04
-1.799903782673608645e-04 2.542323058129636716e-04 -1.515577481368181746e-04 7.840745878312367048e-05 -6.001169229552550137e-04 1.994535088991942313e-04 -1.837042932373526415e-04 -3.070069247436414922e-04 -3.848444641328837413e-05 7.904333460507931633e-04 6.778137510127485010e-04 2.370751918344125885e-04 -1.889573176886835877e-04 -8.191540646629591482e-05 1.400457125551455000e-03 -1.222923142998773881e-06 -1.267203515638375846e-05 4.460749247367041338e-06 -1.696782047605335857e-05 -8.324591209709825460e-05 -5.713840703123279067e-07 5.814376467503544806e-08 -4.216872533481797998e-04
2.660635997958246697e-06 -1.847720084314567578e-05 -4.264130953538395652e-06 -1.930904268145241411e-06 1.174712618997184216e-05 -3.446840192538100418e-06 1.053247714350412537e-05 6.740779737799474997e-06 -1.861129938195277674e-05 -3.800753409395687683e-05 -2.400060692849744715e-05 2.761841348198798665e-06 2.510640599082693858e-06 7.784073605690936218e-06 -1.222923142998773881e-06 1.004791168813189660e-03 -7.431109972997785177e-07 1.866774162821888923e-06 4.511311942542373644e-06 1.017413991603441758e-05 1.543831262792708118e-06 -5.703753156674152978e-08 2.080969477304910461e-06
2.993767543984386171e-05 -3.075472636894349535e-04 1.314103490074120891e-05 3.812766656462774235e-05 2.066610050447938390e-04 -3.654837279405864005e-05 1.571061351480415309e-04 9.848342737179927129e-05 -8.268392411717859409e-05 -4.438025132704014183e-04 -2.857060392103279558e-04 -5.564740622877103749e-05 1.341854719797895242e-04 -2.782643046821496179e-05 -1.267203515638375846e-05 -7.431109972997785177e-07 1.015917543343063762e-03 -7.504595431602036452e-06 1.799508482267592814e-05 6.730318858606130692e-05 -6.101109434916968899e-07 -2.225125551904674309e-07 1.552691563041330280e-04
-8.873908428379992895e-06 1.192916122260487272e-04 -9.307807780773506158e-07 -1.517703347718619808e-05 -8.187099754990249121e-05 1.538331774539914654e-05 -6.410913480633173903e-05 -3.653475725324646992e-05 4.374148743260746717e-05 1.787112923835837246e-04 1.131571603853313461e-04 2.020797752494614226e-05 -5.165634508204407054e-05 1.132099182728448513e-05 4.460749247367041338e-06 1.866774162821888923e-06 -7.504595431602036452e-06 1.006208304908469756e-03 -6.624357894188571971e-06 -2.829898787088677982e-05 3.380419833024610874e-07 1.850067567604524672e-07 -5.430180531565902786e-05
4.090971118471667856e-05 -4.280655780016046292e-04 5.329148591273148765e-06 4.872904391787485082e-05 2.822086203266177019e-04 -5.093368602479434669e-05 2.220328123727888757e-04 1.366703667175526234e-04 -1.473119702393987376e-04 -6.386131456340884537e-04 -4.093454882564630704e-04 -6.500507026046600247e-05 1.712892002075963301e-04 -2.025588677599048676e-05 -1.696782047605335857e-05 4.511311942542373644e-06 1.799508482267592814e-05 -6.624357894188571971e-06 1.030616308084503913e-03 1.085813445214440977e-04 4.079901493241090579e-07 -5.524655433367136508e-07 1.969145190039271482e-04
1.844485071378070158e-04 -1.818899434680066153e-03 6.152886483585600318e-05 2.193607562163597553e-04 1.211913125648209511e-03 -2.163369436888719973e-04 9.311715886102808022e-04 5.982613431636827966e-04 -5.343743534624771727e-04 -2.676961756131236020e-03 -1.738546235220366073e-03 -3.130839076619455199e-04 7.486371743445429479e-04 -1.161205106832750931e-04 -8.324591209709825460e-05 1.017413991603441758e-05 6.730318858606130692e-05 -2.829898787088677982e-05 1.085813445214440977e-04 1.429304173428351055e-03 5.022521779773929027e-07 -2.003936355388943390e-06 9.022709842403530030e-04
1.431214715231728805e-06 -1.144384258000604644e-06 4.344945679856707124e-07 -8.669266756670949889e-07 1.039097061918295272e-06 -4.168871531946486661e-07 -1.243733554141858386e-07 1.290639386998195629e-06 3.885897410872113338e-07 -2.786555979616563552e-06 -2.769950641397173478e-06 1.168596718920588760e-07 1.184844234646378750e-07 1.077102170439776608e-06 -5.713840703123279067e-07 1.543831262792708118e-06 -6.101109434916968899e-07 3.380419833024610874e-07 4.079901493241090579e-07 5.022521779773929027e-07 1.000774828474491982e-03 4.994221628073922940e-09 1.448256059394389681e-06
2.138925886384553549e-07 7.239215963279401932e-06 7.658233371066912041e-07 7.612802958403805255e-09 -4.561016102050884872e-06 1.209718717191226860e-06 -4.158654456660288920e-06 -2.305399677945288746e-06 3.965173266352140361e-06 1.161633298167536156e-05 7.121062175380841262e-06 3.256691939596360396e-07 -2.661416093635850567e-06 -1.410481037293266329e-06 5.814376467503544806e-08 -5.703753156674152978e-08 -2.225125551904674309e-07 1.850067567604524672e-07 -5.524655433367136508e-07 -2.003936355388943390e-06 4.994221628073922940e-09 1.000484081387613714e-03 -2.214112281556683269e-06
7.939185824604532522e-04 -5.828915233394202887e-03 8.270994531263859990e-04 7.808708038915546925e-04 4.099774734880773895e-03 -7.185564813535884679e-04 2.762073246649984597e-03 2.082244170680567791e-03 -3.449958204246910873e-04 -7.907732913828239424e-03 -5.349733487736255642e-03 -1.480593970044900192e-03 2.826619927767828108e-03 -8.104633121831105076e-04 -4.216872533481797998e-04 2.080969477304910461e-06 1.552691563041330280e-04 -5.430180531565902786e-05 1.969145190039271482e-04 9.022709842403530030e-04 1.448256059394389681e-06 -2.214112281556683269e-06 4.939385276096999559e-03
