   2.6918676104877300e-02  -2.4611080607499988e-02  -6.4145977206154234e-03  -3.6087930549477600e-02   9.7297624551465432e-03   3.4015340036383068e-02   4.0531035564303271e-02   7.9365631333174781e-05  -2.8208173556106230e-02   1.3943694978525475e-02   4.7586203060281818e-03   5.9363470198291355e-05  -2.0164533675535541e-03   2.2367595921995683e-04   9.2635020976606272e-05   6.1373620239148476e-05  -5.8436567669584542e-02   5.5241336349252143e-02  -4.8242531788487306e-05  -8.4916103473211781e-05   7.9223691141247569e-05   3.7499969498625133e-05  -7.7167121900192483e-03
  -2.4611080607499988e-02   2.1249921803362984e-01   9.1911391892157288e-02   3.1660754483630732e-01  -1.4928227432889218e-01  -3.6770095327588265e-01  -5.9300556698239504e-01   4.8006307132801638e-04   2.9771160779074701e-01  -9.8660896642301210e-02   7.8647505581078067e-02   5.8938223643908741e-05  -3.5310607778514724e-03  -1.9069059405946833e-03  -5.5921026831345195e-04   2.1997515234651205e-04   7.8449429162898643e-01  -7.3880275560867359e-01   2.3264207425874965e-04   1.4185046765500222e-05  -4.6415929656704535e-04   7.8575878697229994e-04   8.5277815205982516e-02
  -6.4145977206154234e-03   9.1911391892157288e-02   2.7213673354693318e-01  -6.6052884555013958e-02  -5.1728850334649479e-01   1.5471837889318402e-01  -6.6572418525218768e-01  -2.4684639985502100e-04   5.8394575237591972e-01  -3.3950212374382821e-01   3.3467952539116150e-02   3.4062575048055254e-04   3.1953258493671857e-03  -6.0009938220775513e-04  -2.5458316058832646e-05   4.5962994496888415e-04   3.9812974195809081e-01  -5.3566135796118441e-01  -4.4339782574124457e-05  -3.8822701181712438e-03  -2.7161293942428550e-04   6.4577008560463280e-04   1.3491529058603416e-01
  -3.6087930549477600e-02   3.1660754483630732e-01  -6.6052884555013958e-02   8.5758988522074553e-01   2.6071632343190698e-01  -1.0328899025565643e+00  -7.7348698071468758e-01  -2.6662774572220691e-03   1.0303904391751798e-01   1.1899456879135036e-01   2.2648445412374746e-01   1.0062383840564344e-04   1.1998002139166766e-02  -3.9377004842358516e-03  -1.0170203424811443e-03  -2.1663996193540348e-04   1.5580091099019990e+00  -1.1143121400626290e+00   8.2734967297848263e-04   6.3126793275885646e-03  -6.0637022203884636e-04   7.3988428356564200e-04   8.7863329892570122e-03
   9.7297624551465432e-03  -1.4928227432889218e-01  -5.1728850334649479e-01   2.6071632343190698e-01   1.3865976764940535e+00  -4.5206050542490955e-01   1.3113715389685459e+00   1.5001072333753178e-04  -1.3481896979083285e+00   7.7419866002106108e-01  -6.1791223229586648e-02  -6.5277566384653500e-04  -9.3451923336818222e-03   4.4081345398834943e-04  -2.2561756601645992e-04  -1.0307534522840005e-03  -5.6358293274905480e-01   1.3039217132236729e+00   5.2710807718233462e-04   1.2021924425071960e-02   4.5970119265314823e-04  -1.2495240506694529e-03  -4.1000883067203037e-01
   3.4015340036383068e-02  -3.6770095327588265e-01   1.5471837889318402e-01  -1.0328899025565643e+00  -4.5206050542490955e-01   1.3040477646551674e+00   7.2857492006981728e-01   2.3094957941208450e-03   7.0821668934189216e-02  -2.5121561704053047e-01  -2.4789602837636024e-01   1.5035914434764152e-05  -8.0699543143583075e-03   4.5472800037558696e-03   1.2256273042612379e-03   3.2771672348786833e-04  -1.7577179698794363e+00   1.1836832660147754e+00  -1.0073621255989101e-03  -9.0570476564282680e-03   6.6974623400492246e-04  -7.8357234785633061e-04   2.3588394627870064e-02
   4.0531035564303271e-02  -5.9300556698239504e-01  -6.6572418525218768e-01  -7.7348698071468758e-01   1.3113715389685459e+00   7.2857492006981728e-01   3.0025326584807015e+00   4.5766414358696843e-03  -1.9431914278318163e+00   8.8708200133915316e-01  -4.2094699753492443e-01  -1.3590420775281852e-03  -2.4908559820578154e-02   6.0876344247580965e-03   1.0340143416770523e-03  -1.1373771110767738e-03  -3.0168095520727771e+00   3.0197376485898908e+00  -8.4221649067641748e-04   4.2066001989245353e-03   1.3976722061476978e-03  -2.7696002942989685e-03  -4.2915886236100170e-01
   7.9365631333174781e-05   4.8006307132801638e-04  -2.4684639985502100e-04  -2.6662774572220691e-03   1.5001072333753178e-04   2.3094957941208450e-03   4.5766414358696843e-03   1.3010388014408365e-03  -2.5598667014134473e-03   4.1418357826664067e-04  -2.0468020295966874e-03  -1.6409064279789863e-05  -1.2653676661022817e-03   1.5181904941802453e-05  -6.8321591993541304e-06  -1.2030189538350603e-06  -6.8153633636882449e-03   3.0919124666083835e-03  -5.5507876442636618e-06  -4.2088643063489707e-05  -3.0414548115745214e-06   5.1287132608056562e-06   8.1943489272858980e-04
  -2.8208173556106230e-02   2.9771160779074701e-01   5.8394575237591972e-01   1.0303904391751798e-01  -1.3481896979083285e+00   7.0821668934189216e-02  -1.9431914278318163e+00  -2.5598667014134473e-03   1.6064984148223824e+00  -8.3461998486224698e-01   2.0114386242072935e-01   9.5562940995900126e-04   1.9723859134133517e-02  -2.4656753504553423e-03  -2.3488315600357613e-04   1.0322807061983372e-03   1.4315258842475129e+00  -1.8965365004993084e+00  -2.0302929099552620e-05  -9.5109476472818935e-03  -7.8771653854556518e-04   1.7367529942548014e-03   4.0076486473016526e-01
   1.3943694978525475e-02  -9.8660896642301210e-02  -3.3950212374382821e-01   1.1899456879135036e-01   7.7419866002106108e-01  -2.5121561704053047e-01   8.8708200133915316e-01   4.1418357826664067e-04  -8.3461998486224698e-01   4.9001160821090278e-01  -5.0551257333111957e-02  -4.5781642870013902e-04  -6.7472451578744303e-03   5.3564804383530041e-04  -6.4212233342202576e-05  -5.8912687890329263e-04  -4.6065048713830431e-01   7.6755558759204845e-01   1.3683663506908062e-04   6.0807310051319320e-03   3.2249005765981929e-04  -7.9773465254188893e-04  -2.1173743955841920e-01
   4.7586203060281818e-03   7.8647505581078067e-02   3.3467952539116150e-02   2.2648445412374746e-01  -6.1791223229586648e-02  -2.4789602837636024e-01  -4.2094699753492443e-01  -2.0468020295966874e-03   2.0114386242072935e-01  -5.0551257333111957e-02   1.1632994055339488e-01   2.4109179885543994e-04   1.0856445890871555e-02  -1.1808426683571789e-03  -1.8387504737103682e-04  -2.7760131114991238e-05   5.6118909640258452e-01  -4.7747297349251427e-01   2.4337201345713103e-04   1.1145357359660579e-03  -1.4095955353447695e-04   2.5376847277230262e-04   3.2767241149594867e-02
   5.9363470198291355e-05   5.8938223643908741e-05   3.4062575048055254e-04   1.0062383840564344e-04  -6.5277566384653500e-04   1.5035914434764152e-05  -1.3590420775281852e-03  -1.6409064279789863e-05   9.5562940995900126e-04  -4.5781642870013902e-04   2.4109179885543994e-04   1.0083866136712087e-03   5.4670791835379739e-05   8.6119041777543789e-07   1.5623562228006008e-06   9.1773823799963686e-07   1.1377255042734889e-03  -1.0082518782930780e-03   3.1385573682406774e-07   2.1787784888343172e-07   1.2889147973939324e-06   2.7313033614039991e-07   9.9537201638024534e-05
  -2.0164533675535541e-03  -3.5310607778514724e-03   3.1953258493671857e-03   1.1998002139166766e-02  -9.3451923336818222e-03  -8.0699543143583075e-03  -2.4908559820578154e-02  -1.2653676661022817e-03   1.9723859134133517e-02  -6.7472451578744303e-03   1.0856445890871555e-02   5.4670791835379739e-05   8.1667562021176896e-03  -7.6670232635106352e-05   3.3716649873960310e-05  -1.4350014951146181e-05   3.2629614280115092e-02  -2.0900166952635267e-02   2.5710233135042141e-05   2.1094659129962235e-04   1.3893199761320004e-05  -4.6130022497080425e-05  -1.2188013680999026e-03
   2.2367595921995683e-04  -1.9069059405946833e-03  -6.0009938220775513e-04  -3.9377004842358516e-03   4.4081345398834943e-04   4.5472800037558696e-03   6.0876344247580965e-03   1.5181904941802453e-05  -2.4656753504553423e-03   5.3564804383530041e-04  -1.1808426683571789e-03   8.6119041777543789e-07  -7.6670232635106352e-05   1.0270333619221083e-03   4.8523086106690186e-06   1.5889285972305449e-07  -9.0061345857877992e-03   7.1983273971721658e-03  -2.9359119921852042e-06  -8.4309734820339385e-06   4.2811263521991292e-06  -5.4024257702149620e-06  -4.5287053824893990e-04
   9.2635020976606272e-05  -5.5921026831345195e-04  -2.5458316058832646e-05  -1.0170203424811443e-03  -2.2561756601645992e-04   1.2256273042612379e-03   1.0340143416770523e-03  -6.8321591993541304e-06  -2.3488315600357613e-04  -6.4212233342202576e-05  -1.8387504737103682e-04   1.5623562228006008e-06   3.3716649873960310e-05   4.8523086106690186e-06   1.0072413378714494e-03   1.1975917941344057e-05  -1.8551146145301283e-03   1.5377338127124046e-03  -2.2808339211497626e-06  -2.3462893588343511e-05   1.1009872935352472e-06   2.8633262362530456e-06  -8.1597578370446830e-05
   6.1373620239148476e-05   2.1997515234651205e-04   4.5962994496888415e-04  -2.1663996193540348e-04  -1.0307534522840005e-03   3.2771672348786833e-04  -1.1373771110767738e-03  -1.2030189538350603e-06   1.0322807061983372e-03  -5.8912687890329263e-04  -2.7760131114991238e-05   9.1773823799963686e-07  -1.4350014951146181e-05   1.5889285972305449e-07   1.1975917941344057e-05   1.0438645525057706e-03   6.1546982295835847e-04  -9.6067378449902336e-04  -1.1057771897779174e-06  -4.8887434663806346e-05  -1.4322321502221248e-06   1.9052237748918724e-05   2.4888381870529478e-04
  -5.8436567669584542e-02   7.8449429162898643e-01   3.9812974195809081e-01   1.5580091099019990e+00  -5.6358293274905480e-01  -1.7577179698794363e+00  -3.0168095520727771e+00  -6.8153633636882449e-03   1.4315258842475129e+00  -4.6065048713830431e-01   5.6118909640258452e-01   1.1377255042734889e-03   3.2629614280115092e-02  -9.0061345857877992e-03  -1.8551146145301283e-03   6.1546982295835847e-04   4.0151875219363369e+00  -3.3644019350357075e+00   1.6848852983009975e-03   5.9708950608896513e-03  -1.6732467567352831e-03   2.8577719423840994e-03   2.8202301157226750e-01
   5.5241336349252143e-02  -7.3880275560867359e-01  -5.3566135796118441e-01  -1.1143121400626290e+00   1.3039217132236729e+00   1.1836832660147754e+00   3.0197376485898908e+00   3.0919124666083835e-03  -1.8965365004993084e+00   7.6755558759204845e-01  -4.7747297349251427e-01  -1.0082518782930780e-03  -2.0900166952635267e-02   7.1983273971721658e-03   1.5377338127124046e-03  -9.6067378449902336e-04  -3.3644019350357075e+00   3.5968586768212880e+00  -6.9992610270835887e-04   4.8586181225957854e-03   1.6234100354956579e-03  -2.9711553213976581e-03  -5.3598587524770946e-01
  -4.8242531788487306e-05   2.3264207425874965e-04  -4.4339782574124457e-05   8.2734967297848263e-04   5.2710807718233462e-04  -1.0073621255989101e-03  -8.4221649067641748e-04  -5.5507876442636618e-06  -2.0302929099552620e-05   1.3683663506908062e-04   2.4337201345713103e-04   3.1385573682406774e-07   2.5710233135042141e-05  -2.9359119921852042e-06  -2.2808339211497626e-06  -1.1057771897779174e-06   1.6848852983009975e-03  -6.9992610270835887e-04   1.0198178344129794e-03   2.1520322329305372e-06  -3.9321082895259040e-07  -2.3581084112154653e-07  -1.4861575416044595e-04
  -8.4916103473211781e-05   1.4185046765500222e-05  -3.8822701181712438e-03   6.3126793275885646e-03   1.2021924425071960e-02  -9.0570476564282680e-03   4.2066001989245353e-03  -4.2088643063489707e-05  -9.5109476472818935e-03   6.0807310051319320e-03   1.1145357359660579e-03   2.1787784888343172e-07   2.1094659129962235e-04  -8.4309734820339385e-06  -2.3462893588343511e-05  -4.8887434663806346e-05   5.9708950608896513e-03   4.8586181225957854e-03   2.1520322329305372e-06   1.4819027545259964e-03   2.0985797667672024e-06  -2.3715677891549215e-05  -3.7766361844412425e-03
   7.9223691141247569e-05  -4.6415929656704535e-04  -2.7161293942428550e-04  -6.0637022203884636e-04   4.5970119265314823e-04   6.6974623400492246e-04   1.3976722061476978e-03  -3.0414548115745214e-06  -7.8771653854556518e-04   3.2249005765981929e-04  -1.4095955353447695e-04   1.2889147973939324e-06   1.3893199761320004e-05   4.2811263521991292e-06   1.1009872935352472e-06  -1.4322321502221248e-06  -1.6732467567352831e-03   1.6234100354956579e-03  -3.9321082895259040e-07   2.0985797667672024e-06   1.0017889013800487e-03  -3.3708147721513548e-06  -2.1157756616006914e-04
   3.7499969498625133e-05   7.8575878697229994e-04   6.4577008560463280e-04   7.3988428356564200e-04  -1.2495240506694529e-03  -7.8357234785633061e-04  -2.7696002942989685e-03   5.1287132608056562e-06   1.7367529942548014e-03  -7.9773465254188893e-04   2.5376847277230262e-04   2.7313033614039991e-07  -4.6130022497080425e-05  -5.4024257702149620e-06   2.8633262362530456e-06   1.9052237748918724e-05   2.8577719423840994e-03  -2.9711553213976581e-03  -2.3581084112154653e-07  -2.3715677891549215e-05  -3.3708147721513548e-06   1.0384879474264125e-03   4.3694243546856497e-04
  -7.7167121900192483e-03   8.5277815205982516e-02   1.3491529058603416e-01   8.7863329892570122e-03  -4.1000883067203037e-01   2.3588394627870064e-02  -4.2915886236100170e-01   8.1943489272858980e-04   4.0076486473016526e-01  -2.1173743955841920e-01   3.2767241149594867e-02   9.9537201638024534e-05  -1.2188013680999026e-03  -4.5287053824893990e-04  -8.1597578370446830e-05   2.4888381870529478e-04   2.8202301157226750e-01  -5.3598587524770946e-01  -1.4861575416044595e-04  -3.7766361844412425e-03  -2.1157756616006914e-04   4.3694243546856497e-04   1.5235238364215548e-01
