1.694734999668578102e+00 -1.647667503468813521e+00 -1.445706240951371901e+00 1.055638698682431591e-02 2.473994979063535299e-02 6.796140021220171447e-03 -3.370097138551300109e-01 3.156546944589520842e-02 -5.166547123597288937e-04 8.987745846521633108e-01
-1.647667503468813521e+00 1.813519762700313231e+00 1.364214200320069681e+00 -1.060174685896637589e-02 -1.728560299717396206e-02 -7.619554792025994873e-03 1.577866954642992425e-01 -3.407377805477125599e-02 7.524099953546209895e-04 -9.270998808629707932e-01
-1.445706240951371901e+00 1.364214200320069681e+00 3.719310086429174600e+00 -1.056612487068661274e-02 -5.494080371506157578e-02 4.858665314403367783e-03 3.249208606317517400e-01 -4.349446607967764888e-02 3.221486174000459408e-03 -3.182394989236501992e+00
1.055638698682431591e-02 -1.060174685896637589e-02 -1.056612487068661274e-02 1.071082494477347850e-03 2.310307406351702880e-04 2.205350387881862742e-05 -1.839738708079250232e-03 1.849536731940616284e-04 -8.562203928661297900e-06 7.188562031326581857e-03
2.473994979063535299e-02 -1.728560299717396206e-02 -5.494080371506157578e-02 2.310307406351702880e-04 3.710998448266227597e-03 -4.903665195453759057e-04 -1.079995952501667557e-02 -9.905246328948443934e-05 -1.119521980198942660e-04 3.992079774004615028e-02
6.796140021220171447e-03 -7.619554792025994873e-03 4.858665314403367783e-03 2.205350387881862742e-05 -4.903665195453759057e-04 1.204495361604248803e-03 -4.430028231464454400e-04 2.850908787507466444e-04 3.232499122365061503e-05 -5.603027548773666273e-03
-3.370097138551300109e-01 1.577866954642992425e-01 3.249208606317517400e-01 -1.839738708079250232e-03 -1.079995952501667557e-02 -4.430028231464454400e-04 3.320623502134779081e-01 -1.520111780592914514e-03 -1.080327438975554107e-04 -1.692058859597692089e-01
3.156546944589520842e-02 -3.407377805477125599e-02 -4.349446607967764888e-02 1.849536731940616284e-04 -9.905246328948443934e-05 2.850908787507466444e-04 -1.520111780592914514e-03 2.761500412723317394e-03 1.516535558523531827e-05 3.568513490940941613e-02
-5.166547123597288937e-04 7.524099953546209895e-04 3.221486174000459408e-03 -8.562203928661297900e-06 -1.119521980198942660e-04 3.232499122365061503e-05 -1.080327438975554107e-04 1.516535558523531827e-05 1.010122188783505988e-03 -2.978785364260048626e-03
8.987745846521633108e-01 -9.270998808629707932e-01 -3.182394989236501992e+00 7.188562031326581857e-03 3.992079774004615028e-02 -5.603027548773666273e-03 -1.692058859597692089e-01 3.568513490940941613e-02 -2.978785364260048626e-03 3.181390550386037130e+00
