   8.6914641820967695e+00   7.6093479321728455e-02   9.9749046741401748e-01   4.5616675897123496e-02   4.1625946330119995e-01  -4.7045942954708903e-02
   7.6093479321728455e-02   2.1316572480436263e-03   2.3561532400348362e-02   5.3180620307907581e-04  -2.7510443205791036e-04  -1.9227475151651044e-03
   9.9749046741401748e-01   2.3561532400348362e-02   1.8985476598748525e+00   8.9467116774086383e-04  -4.9874719557853470e-02  -1.4487067242472679e-01
   4.5616675897123496e-02   5.3180620307907581e-04   8.9467116774086383e-04   1.4219024856641004e-03   7.1173685825544212e-04  -3.2292210548187189e-04
   4.1625946330119995e-01  -2.7510443205791036e-04  -4.9874719557853470e-02   7.1173685825544212e-04   6.1560426740521416e-02   7.0899961989551426e-03
  -4.7045942954708903e-02  -1.9227475151651044e-03  -1.4487067242472679e-01  -3.2292210548187189e-04   7.0899961989551426e-03   1.7873383759402635e+00
