7.438390040170220208e-02 -8.777823140012473713e-02 4.729429601508310793e-02 9.631052851432427356e-03 -5.255624871541560248e-04 1.291207703981175816e-03 1.626870528501812505e-03 2.164733229316985388e-03 1.127653199554922879e-03 -5.668298658097228881e-02
-8.777823140012473713e-02 1.934501190685539995e-01 -1.287953149170575351e-01 -1.340459827989260062e-02 1.525570100503721629e-03 -2.434022414168020721e-03 -8.233910003307309822e-02 -3.998276523908735232e-03 -2.448860169619342195e-03 7.315446418275924068e-02
4.729429601508310793e-02 -1.287953149170575351e-01 1.347876544292772594e-01 2.402804103098617194e-02 -2.468030824038239192e-04 1.508951676380849028e-03 4.104220934893667433e-02 2.424906221515471007e-03 2.123596995749992119e-04 -6.729249569587680835e-02
9.631052851432427356e-03 -1.340459827989260062e-02 2.402804103098617194e-02 1.279618879326992371e-02 4.510844754488675386e-04 1.726190898793938532e-04 -1.385058322509564836e-02 3.331467166652916033e-04 -7.054663191751879862e-04 -1.939070942391261584e-02
-5.255624871541560248e-04 1.525570100503721629e-03 -2.468030824038239192e-04 4.510844754488675386e-04 1.042405117150242136e-03 -1.804229902581388706e-05 -1.610446032229149440e-03 -2.366644008659113163e-05 -5.853813627158058886e-05 -1.453296539773490036e-04
1.291207703981175816e-03 -2.434022414168020721e-03 1.508951676380849028e-03 1.726190898793938532e-04 -1.804229902581388706e-05 1.041014106753074524e-03 9.813590870003019353e-04 7.411304159985566747e-05 4.829341696311823456e-05 -1.016631262674468593e-03
1.626870528501812505e-03 -8.233910003307309822e-02 4.104220934893667433e-02 -1.385058322509564836e-02 -1.610446032229149440e-03 9.813590870003019353e-04 1.168460142811412472e-01 1.645469741533408560e-03 2.597227221045749542e-03 1.107027447285191014e-02
2.164733229316985388e-03 -3.998276523908735232e-03 2.424906221515471007e-03 3.331467166652916033e-04 -2.366644008659113163e-05 7.411304159985566747e-05 1.645469741533408560e-03 1.156881437183187450e-03 9.166988975066777529e-05 -1.695547678897348217e-03
1.127653199554922879e-03 -2.448860169619342195e-03 2.123596995749992119e-04 -7.054663191751879862e-04 -5.853813627158058886e-05 4.829341696311823456e-05 2.597227221045749542e-03 9.166988975066777529e-05 1.150472367414719999e-03 9.600673760063476077e-05
-5.668298658097228881e-02 7.315446418275924068e-02 -6.729249569587680835e-02 -1.939070942391261584e-02 -1.453296539773490036e-04 -1.016631262674468593e-03 1.107027447285191014e-02 -1.695547678897348217e-03 9.600673760063476077e-05 6.611330229927057933e-02
