   1.3035725791970521e+01   2.0154999292234235e-01   5.3478592865991686e-02   2.4588170911919829e-01   3.5888655478661990e-02   5.7914284739673161e-01   8.3916190255231310e-02   6.6262211698967521e-01  -4.8989449220452080e-01
   2.0154999292234235e-01   8.6711881535361393e+00   3.8238897848760427e-03   1.7515651078789035e-01  -2.0312018079097226e-02   7.0105953402114207e-01  -4.1135059576653830e-02   7.4988899261813572e-03  -1.3526817040976163e-01
   5.3478592865991686e-02   3.8238897848760427e-03   1.6860574851672386e-03   5.1395652703574782e-03   2.3132793656078455e-04  -8.2133477524665383e-04   6.2685044734400958e-04  -8.8498972461259040e-04  -4.5377416639350091e-03
   2.4588170911919829e-01   1.7515651078789035e-01   5.1395652703574782e-03   1.0882261108523170e-01  -1.5471572643292329e-03  -1.9760678712359689e-02   4.0781324078422599e-03  -1.3929651017626929e-02  -8.0272547620557716e-02
   3.5888655478661990e-02  -2.0312018079097226e-02   2.3132793656078455e-04  -1.5471572643292329e-03   1.4177509412020412e-03   3.4085423210706953e-03   2.9574715929539427e-04   6.0006455555861287e-04   1.3160536452288131e-03
   5.7914284739673161e-01   7.0105953402114207e-01  -8.2133477524665383e-04  -1.9760678712359689e-02   3.4085423210706953e-03   8.7484017230997058e+00  -3.5232259350065992e-02   6.4492028040058699e-02  -3.4636480286227528e-01
   8.3916190255231310e-02  -4.1135059576653830e-02   6.2685044734400958e-04   4.0781324078422599e-03   2.9574715929539427e-04  -3.5232259350065992e-02   2.6278884473224969e-03   1.4787919751735529e-03  -3.3344150306945505e-03
   6.6262211698967521e-01   7.4988899261813572e-03  -8.8498972461259040e-04  -1.3929651017626929e-02   6.0006455555861287e-04   6.4492028040058699e-02   1.4787919751735529e-03   7.4187753416931582e-02  -2.5622612995895324e-02
  -4.8989449220452080e-01  -1.3526817040976163e-01  -4.5377416639350091e-03  -8.0272547620557716e-02   1.3160536452288131e-03  -3.4636480286227528e-01  -3.3344150306945505e-03  -2.5622612995895324e-02   2.3989162943254465e+00
