   8.0897862207550784e+00   1.0847718797945238e-01   2.0851655579434505e+00   5.3361661588157673e-02   3.1827649781437245e-01  -2.8743033648159827e-01
   1.0847718797945238e-01   2.9422874347249969e-03   4.5724288538796912e-02   9.1281321381748342e-04   4.4810223759580216e-04  -3.6369014628099220e-03
   2.0851655579434505e+00   4.5724288538796912e-02   4.4564381796280150e+00   1.2418391411346624e-02  -3.9827616158633110e-02  -3.8426834684843349e-02
   5.3361661588157673e-02   9.1281321381748342e-04   1.2418391411346624e-02   1.5017272369678219e-03   4.7379666092497752e-04  -2.5357381471524700e-03
   3.1827649781437245e-01   4.4810223759580216e-04  -3.9827616158633110e-02   4.7379666092497752e-04   5.0524547433032786e-02  -2.4408306077322105e-02
  -2.8743033648159827e-01  -3.6369014628099220e-03  -3.8426834684843349e-02  -2.5357381471524700e-03  -2.4408306077322105e-02   1.4109172768167457e+00
