1.005887344525254476e-03 -6.825743590567491402e-06 4.321194110915459065e-06 -5.722997722249087068e-06 5.953673345055431780e-07 4.803383904987451835e-07 2.053802942230776256e-06 -2.461869329139590298e-07 -5.367674890862285945e-06 -4.116267122337076591e-06 -9.802808731435235167e-07 1.918355492077451461e-06 -6.067546694340081304e-06 4.001038769867314119e-06 2.302733140768763644e-06 -3.426186876960918380e-06 7.351014190846735239e-06 -2.308664905746938303e-06 4.918770851153177923e-06 7.293856253903038104e-06 -1.739046389603812123e-06 2.741849457884557665e-06 -2.537317720586900394e-06
-6.825743590567491402e-06 1.008117684470005845e-03 -5.458893110923654852e-06 6.526780722857978388e-06 -6.040669219283991802e-07 -8.949546801930062373e-07 -2.018830812167301726e-06 -3.463762401667980733e-08 6.391368039146879024e-06 4.696665445353931210e-06 1.659145434876952888e-06 -2.032992124954620608e-06 6.968984264270303660e-06 -4.883084345305225947e-06 -2.463968472051847757e-06 4.015172033692970985e-06 -8.790253914955049809e-06 2.461203107859640805e-06 -5.910365088671617268e-06 -8.820716488445391715e-06 2.062626951534641259e-06 -3.190015279674938723e-06 3.145257149836805947e-06
4.321194110915459065e-06 -5.458893110923654852e-06 1.004651350568544965e-03 -3.647103425242496028e-06 2.669969402940369652e-07 1.336825645858685810e-06 4.180135050530824740e-07 1.016659653456361881e-06 -4.575277906482108448e-06 -2.659479004175592235e-06 -2.119131467098181361e-06 6.631744536513324784e-07 -4.313584846154430160e-06 3.783386577865768862e-06 1.096964802369093388e-06 -2.759909164640714178e-06 6.189300751430188604e-06 -8.504636475279792483e-07 4.313225975014792949e-06 6.564429047886435447e-06 -1.538811743863891573e-06 1.986354046788594988e-06 -2.653379928602093370e-06
-5.722997722249087068e-06 6.526780722857978388e-06 -3.647103425242496028e-06 1.005918505228052496e-03 -6.613517637354464867e-07 -1.597359592336818635e-07 -2.356192466783284377e-06 8.418842845665674156e-07 4.923598001993107608e-06 4.233441196745837848e-06 4.749094337775789622e-07 -2.195070492621325837e-06 5.990176798596766641e-06 -3.493939535606556977e-06 -2.485856444508260179e-06 3.176164094805847831e-06 -6.895149834706285286e-06 2.636473848787136368e-06 -4.513194488810907585e-06 -6.634653722776297044e-06 1.509128156842018455e-06 -2.650760518901520698e-06 2.057780176620870595e-06
5.953673345055431780e-07 -6.040669219283991802e-07 2.669969402940369652e-07 -6.613517637354464867e-07 1.000253043916198145e-03 -9.584128490993100889e-08 3.919468775743090504e-07 -2.474566970036884608e-07 -4.259386335204961664e-07 -4.545438131417014721e-07 2.767708325283444340e-07 2.934087556047457521e-07 -7.823467376414366995e-07 1.992666281070852742e-07 5.197171988625198838e-07 -3.288804341029155654e-07 6.020338881559794432e-07 -3.482050800469563427e-07 4.659971960948508652e-07 5.845602504580648250e-07 -1.494581796371023973e-07 1.524472744527736036e-07 -1.069139739936370872e-07
4.803383904987451835e-07 -8.949546801930062373e-07 1.336825645858685810e-06 -1.597359592336818635e-07 -9.584128490993100889e-08 1.000900108845339089e-03 -7.243418648626796822e-07 5.525755728134544637e-07 -8.327508586796734556e-07 -1.814576608498877330e-07 -1.317352761789077190e-06 -3.201717975768489136e-07 -4.088866412942476474e-07 7.535385760350195506e-07 -3.610655008003070875e-07 -4.452864479232265930e-07 1.298400143076708702e-06 2.467711682899778985e-07 8.729291753044882214e-07 1.501307032678705711e-06 -2.223906920411291311e-07 1.351202859217592359e-07 -6.550159886010885168e-07
2.053802942230776256e-06 -2.018830812167301726e-06 4.180135050530824740e-07 -2.356192466783284377e-06 3.919468775743090504e-07 -7.243418648626796822e-07 1.001695892063777160e-03 -7.789340226230256933e-07 -1.387674410179809630e-06 -1.640488888826786038e-06 9.806230878390828849e-07 1.203977414802763883e-06 -2.228269450725261212e-06 8.826172648577230055e-07 1.438235898422006891e-06 -1.018528849089173944e-06 1.814206902869489673e-06 -1.334569850068682306e-06 1.195563908894881185e-06 1.570920229578289375e-06 -4.899841180108841152e-07 1.051009540634438118e-06 -3.436326174273449345e-07
-2.461869329139590298e-07 -3.463762401667980733e-08 1.016659653456361881e-06 8.418842845665674156e-07 -2.474566970036884608e-07 5.525755728134544637e-07 -7.789340226230256933e-07 1.001413919976374637e-03 -3.623689377580619203e-07 6.012765086508703672e-07 -8.733191255818316861e-07 -7.399664462406818179e-07 5.093719385421013014e-07 7.740168967229849804e-07 -4.956256967450728414e-07 -7.887633082224639780e-08 1.145863458579336776e-07 9.529094683330181535e-07 3.220872957760015871e-07 5.617566399390307901e-07 -2.862621427755517954e-07 8.975685909564535140e-08 -6.917063613980447893e-07
-5.367674890862285945e-06 6.391368039146879024e-06 -4.575277906482108448e-06 4.923598001993107608e-06 -4.259386335204961664e-07 -8.327508586796734556e-07 -1.387674410179809630e-06 -3.623689377580619203e-07 1.005290623000081908e-03 3.561836891765999028e-06 1.518688967030165027e-06 -1.436536507570559811e-06 5.443262355781618252e-06 -4.066813435537794239e-06 -1.741871860031832124e-06 3.273628850342644868e-06 -7.067770326029373881e-06 1.692246893855955415e-06 -4.825064533882636033e-06 -7.185232162417687014e-06 1.778238409739061730e-06 -2.475250397829496609e-06 2.770864500640879093e-06
-4.116267122337076591e-06 4.696665445353931210e-06 -2.659479004175592235e-06 4.233441196745837848e-06 -4.545438131417014721e-07 -1.814576608498877330e-07 -1.640488888826786038e-06 6.012765086508703672e-07 3.561836891765999028e-06 1.003057914843753394e-03 4.418108013484906933e-07 -1.534374693701831249e-06 4.286464627865215428e-06 -2.524113273697863963e-06 -1.723634848494114440e-06 2.300953602773118427e-06 -5.017506377172243701e-06 1.880380360873566826e-06 -3.256101553089310799e-06 -4.829377335055974827e-06 1.078721109147882384e-06 -1.906253857949662928e-06 1.497417696256193034e-06
-9.802808731435235167e-07 1.659145434876952888e-06 -2.119131467098181361e-06 4.749094337775789622e-07 2.767708325283444340e-07 -1.317352761789077190e-06 9.806230878390828849e-07 -8.733191255818316861e-07 1.518688967030165027e-06 4.418108013484906933e-07 1.002131012301135876e-03 3.616252793497938131e-07 7.408277268509412170e-07 -1.388677159141412980e-06 6.202348738459976454e-07 8.062493771093233395e-07 -2.264112967877138383e-06 -2.630773255777671372e-07 -1.457713639686452931e-06 -2.513888622566601300e-06 4.244193411645768901e-07 -4.364733269004621824e-07 1.148991400154095268e-06
1.918355492077451461e-06 -2.032992124954620608e-06 6.631744536513324784e-07 -2.195070492621325837e-06 2.934087556047457521e-07 -3.201717975768489136e-07 1.203977414802763883e-06 -7.399664462406818179e-07 -1.436536507570559811e-06 -1.534374693701831249e-06 3.616252793497938131e-07 1.001089553996522847e-03 -2.085913063526809033e-06 8.639540640000920376e-07 1.043739735552808952e-06 -9.983937776970971288e-07 2.024496630540770934e-06 -1.226912340661621813e-06 1.291325504143130363e-06 1.785052279767172850e-06 -4.487889888587097917e-07 8.756442733017579360e-07 -4.360665883969587324e-07
-6.067546694340081304e-06 6.968984264270303660e-06 -4.313584846154430160e-06 5.990176798596766641e-06 -7.823467376414366995e-07 -4.088866412942476474e-07 -2.228269450725261212e-06 5.093719385421013014e-07 5.443262355781618252e-06 4.286464627865215428e-06 7.408277268509412170e-07 -2.085913063526809033e-06 1.006421691760079956e-03 -3.915549394001744317e-06 -2.576023593548818393e-06 3.518899714801854234e-06 -7.503943091110692795e-06 2.503901111836796741e-06 -5.061851173736983456e-06 -7.413925173130806466e-06 1.758873685550497035e-06 -2.673780490381007154e-06 2.484791407185405956e-06
4.001038769867314119e-06 -4.883084345305225947e-06 3.783386577865768862e-06 -3.493939535606556977e-06 1.992666281070852742e-07 7.535385760350195506e-07 8.826172648577230055e-07 7.740168967229849804e-07 -4.066813435537794239e-06 -2.524113273697863963e-06 -1.388677159141412980e-06 8.639540640000920376e-07 -3.915549394001744317e-06 1.003425308428546872e-03 1.171703451694029642e-06 -2.482182628806060494e-06 5.358813720607303196e-06 -9.726259686569449697e-07 3.714098990189198025e-06 5.601586443268261186e-06 -1.425451592063784864e-06 2.020484918527261595e-06 -2.309670460663143877e-06
2.302733140768763644e-06 -2.463968472051847757e-06 1.096964802369093388e-06 -2.485856444508260179e-06 5.197171988625198838e-07 -3.610655008003070875e-07 1.438235898422006891e-06 -4.956256967450728414e-07 -1.741871860031832124e-06 -1.723634848494114440e-06 6.202348738459976454e-07 1.043739735552808952e-06 -2.576023593548818393e-06 1.171703451694029642e-06 1.001592223452579507e-03 -1.211676797424252740e-06 2.329770321765616494e-06 -1.209669943038052489e-06 1.658334313260282983e-06 2.247060829364744400e-06 -5.965865553844376235e-07 1.058438373679644911e-06 -5.731845646772438037e-07
-3.426186876960918380e-06 4.015172033692970985e-06 -2.759909164640714178e-06 3.176164094805847831e-06 -3.288804341029155654e-07 -4.452864479232265930e-07 -1.018528849089173944e-06 -7.887633082224639780e-08 3.273628850342644868e-06 2.300953602773118427e-06 8.062493771093233395e-07 -9.983937776970971288e-07 3.518899714801854234e-06 -2.482182628806060494e-06 -1.211676797424252740e-06 1.002087306523828268e-03 -4.425534178740210570e-06 1.192497377672835889e-06 -3.012709740126179685e-06 -4.479052491555923558e-06 1.107320559045741164e-06 -1.562252216807788159e-06 1.674077041247160223e-06
7.351014190846735239e-06 -8.790253914955049809e-06 6.189300751430188604e-06 -6.895149834706285286e-06 6.020338881559794432e-07 1.298400143076708702e-06 1.814206902869489673e-06 1.145863458579336776e-07 -7.067770326029373881e-06 -5.017506377172243701e-06 -2.264112967877138383e-06 2.024496630540770934e-06 -7.503943091110692795e-06 5.358813720607303196e-06 2.329770321765616494e-06 -4.425534178740210570e-06 1.009802016808657946e-03 -2.519407682183628367e-06 6.541243081782168058e-06 9.866306939566309880e-06 -2.252134176632143539e-06 3.314453783617900736e-06 -3.579302586986214476e-06
-2.308664905746938303e-06 2.461203107859640805e-06 -8.504636475279792483e-07 2.636473848787136368e-06 -3.482050800469563427e-07 2.467711682899778985e-07 -1.334569850068682306e-06 9.529094683330181535e-07 1.692246893855955415e-06 1.880380360873566826e-06 -2.630773255777671372e-07 -1.226912340661621813e-06 2.503901111836796741e-06 -9.726259686569449697e-07 -1.209669943038052489e-06 1.192497377672835889e-06 -2.519407682183628367e-06 1.001496652558850429e-03 -1.540999095948043262e-06 -2.222324043417710022e-06 4.621596094418138295e-07 -1.029142162686398943e-06 4.601354315643515687e-07
4.918770851153177923e-06 -5.910365088671617268e-06 4.313225975014792949e-06 -4.513194488810907585e-06 4.659971960948508652e-07 8.729291753044882214e-07 1.195563908894881185e-06 3.220872957760015871e-07 -4.825064533882636033e-06 -3.256101553089310799e-06 -1.457713639686452931e-06 1.291325504143130363e-06 -5.061851173736983456e-06 3.714098990189198025e-06 1.658334313260282983e-06 -3.012709740126179685e-06 6.541243081782168058e-06 -1.540999095948043262e-06 1.004499827469688966e-03 6.692514992208438762e-06 -1.617181406916584567e-06 2.201107710731883687e-06 -2.530323690539038540e-06
7.293856253903038104e-06 -8.820716488445391715e-06 6.564429047886435447e-06 -6.634653722776297044e-06 5.845602504580648250e-07 1.501307032678705711e-06 1.570920229578289375e-06 5.617566399390307901e-07 -7.185232162417687014e-06 -4.829377335055974827e-06 -2.513888622566601300e-06 1.785052279767172850e-06 -7.413925173130806466e-06 5.601586443268261186e-06 2.247060829364744400e-06 -4.479052491555923558e-06 9.866306939566309880e-06 -2.222324043417710022e-06 6.692514992208438762e-06 1.010105404172966220e-03 -2.353415408859107169e-06 3.317150631011993921e-06 -3.801016898973103851e-06
-1.739046389603812123e-06 2.062626951534641259e-06 -1.538811743863891573e-06 1.509128156842018455e-06 -1.494581796371023973e-07 -2.223906920411291311e-07 -4.899841180108841152e-07 -2.862621427755517954e-07 1.778238409739061730e-06 1.078721109147882384e-06 4.244193411645768901e-07 -4.487889888587097917e-07 1.758873685550497035e-06 -1.425451592063784864e-06 -5.965865553844376235e-07 1.107320559045741164e-06 -2.252134176632143539e-06 4.621596094418138295e-07 -1.617181406916584567e-06 -2.353415408859107169e-06 1.000669596121785436e-03 -8.238022276555956497e-07 1.010175269259541113e-06
2.741849457884557665e-06 -3.190015279674938723e-06 1.986354046788594988e-06 -2.650760518901520698e-06 1.524472744527736036e-07 1.351202859217592359e-07 1.051009540634438118e-06 8.975685909564535140e-08 -2.475250397829496609e-06 -1.906253857949662928e-06 -4.364733269004621824e-07 8.756442733017579360e-07 -2.673780490381007154e-06 2.020484918527261595e-06 1.058438373679644911e-06 -1.562252216807788159e-06 3.314453783617900736e-06 -1.029142162686398943e-06 2.201107710731883687e-06 3.317150631011993921e-06 -8.238022276555956497e-07 1.001503129627992093e-03 -1.199929870052208864e-06
-2.537317720586900394e-06 3.145257149836805947e-06 -2.653379928602093370e-06 2.057780176620870595e-06 -1.069139739936370872e-07 -6.550159886010885168e-07 -3.436326174273449345e-07 -6.917063613980447893e-07 2.770864500640879093e-06 1.497417696256193034e-06 1.148991400154095268e-06 -4.360665883969587324e-07 2.484791407185405956e-06 -2.309670460663143877e-06 -5.731845646772438037e-07 1.674077041247160223e-06 -3.579302586986214476e-06 4.601354315643515687e-07 -2.530323690539038540e-06 -3.801016898973103851e-06 1.010175269259541113e-06 -1.199929870052208864e-06 1.001687653232393111e-03
