1.292112615265011089e+00 -6.783928375755372553e-01 1.025436664569245204e+00 7.724347878900235387e-02 9.676689706723256776e-03 9.680983574629417610e-03 -5.626201242284328830e-02 2.974552186306504697e-02 8.367512610952047847e-02 -3.830094500857433304e-01
-6.783928375755372553e-01 4.674832070872476097e-01 -1.027243911746438032e+00 -3.727059315775628490e-02 -4.095465368976312567e-03 -4.876051709021690488e-03 -7.288669761367840526e-03 -7.557117471373409404e-03 -6.475639351393437659e-02 -3.668188217871087148e-02
1.025436664569245204e+00 -1.027243911746438032e+00 3.740179999544725575e+00 4.680613549651991591e-03 8.569617691277064530e-04 1.079243547756217466e-03 6.558641200521465875e-02 -3.427307301755614516e-03 2.223180068793361164e-01 1.039749577783189105e+00
7.724347878900235387e-02 -3.727059315775628490e-02 4.680613549651991591e-03 1.040530489464776623e-02 9.919818993695012511e-04 1.159495131576344191e-03 -2.071394213836814848e-03 2.093096189385131294e-03 -1.276328104626336642e-03 -4.760355987368226904e-02
9.676689706723256776e-03 -4.095465368976312567e-03 8.569617691277064530e-04 9.919818993695012511e-04 1.127887973862249033e-03 1.134802413169959585e-04 -6.074818292919802404e-04 3.271024620122715528e-04 1.159894393849154588e-04 -6.026984516959080565e-03
9.680983574629417610e-03 -4.876051709021690488e-03 1.079243547756217466e-03 1.159495131576344191e-03 1.134802413169959585e-04 1.149951299878271488e-03 -1.579125475429154016e-04 2.284819792386398249e-04 -1.848268661162990375e-04 -5.711450758815828609e-03
-5.626201242284328830e-02 -7.288669761367840526e-03 6.558641200521465875e-02 -2.071394213836814848e-03 -6.074818292919802404e-04 -1.579125475429154016e-04 2.513902207410682876e-02 -5.849738773381697385e-03 9.210479202711351543e-05 7.585674320497584611e-02
2.974552186306504697e-02 -7.557117471373409404e-03 -3.427307301755614516e-03 2.093096189385131294e-03 3.271024620122715528e-04 2.284819792386398249e-04 -5.849738773381697385e-03 2.863147489525091384e-03 7.066278125119282178e-04 -2.318807379629776733e-02
8.367512610952047847e-02 -6.475639351393437659e-02 2.223180068793361164e-01 -1.276328104626336642e-03 1.159894393849154588e-04 -1.848268661162990375e-04 9.210479202711351543e-05 7.066278125119282178e-04 1.995018698538763430e-02 4.739474503716103321e-02
-3.830094500857433304e-01 -3.668188217871087148e-02 1.039749577783189105e+00 -4.760355987368226904e-02 -6.026984516959080565e-03 -5.711450758815828609e-03 7.585674320497584611e-02 -2.318807379629776733e-02 4.739474503716103321e-02 7.467955985404536312e-01
