5.403629320158129246e-02 8.861973388278833463e-02 4.929197528047232768e-02 4.036703696814161052e-02 -9.747231881708803836e-02 -1.612669577654679900e-02 7.720576303976789748e-03 3.163103171048663870e-02 1.792003671819169738e-02 7.000514655226487692e-02 2.122532870818132356e-01 -4.297169384639989292e-02 -5.271515827625776474e-02 -1.873666185465860511e-03 -3.579549334734586415e-03 -3.985689903556977054e-02 -1.732349335710948318e-02 -5.649755717541502659e-02 -3.970940525173782820e-02 -5.741045327946901061e-02 -1.560172263224757772e-01 6.968587743681211276e-04 -3.663699551215304079e-02
8.861973388278833463e-02 1.496111187944401677e-01 8.275080667701649462e-02 6.773104345425250139e-02 -1.631799679385478041e-01 -2.695695359974861760e-02 1.305036761939666959e-02 5.308422728344873442e-02 3.026095615423809657e-02 1.172682911530916333e-01 3.561215210783919560e-01 -7.203207317497270501e-02 -8.803181115980651672e-02 -3.158566361972301763e-03 -5.896627190747990091e-03 -6.682621602515204096e-02 -2.904287254086542966e-02 -9.559478093941174703e-02 -6.655346091838383604e-02 -9.605571691378496368e-02 -2.612201396594829861e-01 1.175048384655842052e-03 -6.205855707729324156e-02
4.929197528047232768e-02 8.275080667701649462e-02 4.731574849778506092e-02 3.779158509860681969e-02 -9.100545910297429264e-02 -1.507195748512704832e-02 7.198363905850437353e-03 2.962778749314590523e-02 1.699376333446813228e-02 6.522015813312141697e-02 1.985089791538744153e-01 -4.020090519751413904e-02 -4.891196235906753592e-02 -1.878838224885244186e-03 -3.297846758267942904e-03 -3.726586719683073340e-02 -1.620027094757931635e-02 -5.330829803587239235e-02 -3.714245323308027619e-02 -5.366848899428591779e-02 -1.455730535927216851e-01 6.730646489809728218e-04 -3.531198575505977572e-02
4.036703696814161052e-02 6.773104345425250139e-02 3.779158509860681969e-02 3.201512609848938817e-02 -7.460060524751206679e-02 -1.238664532661883089e-02 5.812090948504230678e-03 2.421528738410606840e-02 1.384973066350331412e-02 5.345884679945030887e-02 1.624058388468822278e-01 -3.289042779661104088e-02 -4.002911228230766894e-02 -1.561537522991866605e-03 -2.817819862637727362e-03 -3.056787500837297375e-02 -1.326007116488188420e-02 -4.322089956749172734e-02 -3.041659074528206552e-02 -4.393653484633821410e-02 -1.193348210981405727e-01 5.435969392865162191e-04 -2.883259294301488904e-02
-9.747231881708803836e-02 -1.631799679385478041e-01 -9.100545910297429264e-02 -7.460060524751206679e-02 1.878371998023762868e-01 3.189349137564504583e-02 -1.099690043921860462e-02 -5.557182604459860731e-02 -2.997411559462689890e-02 -1.311238506244689073e-01 -3.877050345652360286e-01 7.935736157257171353e-02 1.017380277570592434e-01 5.092102288103887361e-03 1.343753307156151690e-02 7.298257666919553965e-02 3.326458344939409867e-02 7.984317306949886839e-02 7.339115590937148048e-02 1.064463814578692213e-01 2.961196652247026218e-01 -1.156225184703651553e-03 6.182028739997948857e-02
-1.612669577654679900e-02 -2.695695359974861760e-02 -1.507195748512704832e-02 -1.238664532661883089e-02 3.189349137564504583e-02 6.800344717306724268e-03 -1.260091254134915011e-03 -8.834246019303833297e-03 -4.654594526849952299e-03 -2.206306145168161412e-02 -6.383177349792956701e-02 1.309896990023330654e-02 1.721880453784372864e-02 1.173961392776888329e-03 3.268098902103956302e-03 1.225551870810612579e-02 5.612891473623161584e-03 9.787513387590682928e-03 1.204218156887320798e-02 1.739648037090156876e-02 5.032314219838396330e-02 -1.867790732809148464e-04 1.001120148676552975e-02
7.720576303976789748e-03 1.305036761939666959e-02 7.198363905850437353e-03 5.812090948504230678e-03 -1.099690043921860462e-02 -1.260091254134915011e-03 3.791630338745736583e-03 5.858885224224507325e-03 3.961747695691120001e-03 9.238354512175476346e-03 3.266751492343503149e-02 -6.271474717879652397e-03 -5.710725390893648008e-03 5.580182443893803379e-04 2.576297657918327419e-03 -5.895799854071817787e-03 -1.993745013066466638e-03 -1.939804982345937415e-02 -5.755567257401710685e-03 -8.108187825100273902e-03 -1.880425192511801444e-02 1.593457054989792505e-04 -7.649558611337470976e-03
3.163103171048663870e-02 5.308422728344873442e-02 2.962778749314590523e-02 2.421528738410606840e-02 -5.557182604459860731e-02 -8.834246019303833297e-03 5.858885224224507325e-03 2.122876743388299459e-02 1.214374819051323821e-02 4.088513400625636701e-02 1.286957834239998988e-01 -2.573744327174667251e-02 -2.942224979134564281e-02 -6.273687748779798162e-04 6.246966432142034677e-04 -2.409614908940207675e-02 -9.870676287837585466e-03 -4.387232618972174841e-02 -2.382578561047396862e-02 -3.438428314802830649e-02 -8.998481519144971297e-02 4.894281883426886441e-04 -2.529743991535916836e-02
1.792003671819169738e-02 3.026095615423809657e-02 1.699376333446813228e-02 1.384973066350331412e-02 -2.997411559462689890e-02 -4.654594526849952299e-03 3.961747695691120001e-03 1.214374819051323821e-02 8.987047816177446552e-03 2.282155792215848772e-02 7.453994573720093553e-02 -1.461684562208890280e-02 -1.522050599384326686e-02 -1.387975670634007046e-04 1.861132047717878194e-03 -1.411088819803377539e-02 -5.265259753811278587e-03 -3.091016869569462172e-02 -1.341516676449871527e-02 -1.909025432345366063e-02 -4.931376105555267814e-02 3.291799198440437352e-04 -1.704006683091239052e-02
7.000514655226487692e-02 1.172682911530916333e-01 6.522015813312141697e-02 5.345884679945030887e-02 -1.311238506244689073e-01 -2.206306145168161412e-02 9.238354512175476346e-03 4.088513400625636701e-02 2.282155792215848772e-02 9.457529425006307167e-02 2.800998899852135127e-01 -5.684463516831600449e-02 -7.104832382404714652e-02 -2.939230427802404320e-03 -7.073453350663250552e-03 -5.279477817999590067e-02 -2.328694075599991101e-02 -6.707347447194308976e-02 -5.234216836875797002e-02 -7.541903402623893748e-02 -2.092069003208253675e-01 8.740334742182875481e-04 -4.659764384985649183e-02
2.122532870818132356e-01 3.561215210783919560e-01 1.985089791538744153e-01 1.624058388468822278e-01 -3.877050345652360286e-01 -6.383177349792956701e-02 3.266751492343503149e-02 1.286957834239998988e-01 7.453994573720093553e-02 2.800998899852135127e-01 8.572689344472628203e-01 -1.726074370547873715e-01 -2.078687922296473811e-01 -7.090692829740738792e-03 -1.106361957771938818e-02 -1.610196668961628441e-01 -6.882656000160365661e-02 -2.412123144110349393e-01 -1.591118092133101125e-01 -2.291275764959651018e-01 -6.222100743696328262e-01 2.926632916897038521e-03 -1.537812516594103396e-01
-4.297169384639989292e-02 -7.203207317497270501e-02 -4.020090519751413904e-02 -3.289042779661104088e-02 7.935736157257171353e-02 1.309896990023330654e-02 -6.271474717879652397e-03 -2.573744327174667251e-02 -1.461684562208890280e-02 -5.684463516831600449e-02 -1.726074370547873715e-01 3.608814220554152491e-02 4.278570025208204564e-02 1.571229419170984973e-03 2.950715165332300823e-03 3.238007109965721636e-02 1.412722854336770535e-02 4.584092277139465571e-02 3.236768427427547112e-02 4.682815862672611018e-02 1.268844279466088965e-01 -5.704353107783923828e-04 3.016608746779439465e-02
-5.271515827625776474e-02 -8.803181115980651672e-02 -4.891196235906753592e-02 -4.002911228230766894e-02 1.017380277570592434e-01 1.721880453784372864e-02 -5.710725390893648008e-03 -2.942224979134564281e-02 -1.522050599384326686e-02 -7.104832382404714652e-02 -2.078687922296473811e-01 4.278570025208204564e-02 5.755668481386706781e-02 2.576583005934955130e-03 8.109364517121365676e-03 3.869778494977352268e-02 1.827182439719819348e-02 3.900628158889585945e-02 3.970550426252600351e-02 5.777855896246540668e-02 1.607525806439548399e-01 -5.599572304934665769e-04 3.007927442391407705e-02
-1.873666185465860511e-03 -3.158566361972301763e-03 -1.878838224885244186e-03 -1.561537522991866605e-03 5.092102288103887361e-03 1.173961392776888329e-03 5.580182443893803379e-04 -6.273687748779798162e-04 -1.387975670634007046e-04 -2.939230427802404320e-03 -7.090692829740738792e-03 1.571229419170984973e-03 2.576583005934955130e-03 1.658804685256158292e-03 1.609551918299399059e-03 1.534526138934537301e-03 8.538820295465996855e-04 -2.954983980530562562e-03 1.485080845475070330e-03 2.266512786924963167e-03 7.544720010730688459e-03 -1.807171619644141005e-05 9.483790270957052990e-04
-3.579549334734586415e-03 -5.896627190747990091e-03 -3.297846758267942904e-03 -2.817819862637727362e-03 1.343753307156151690e-02 3.268098902103956302e-03 2.576297657918327419e-03 6.246966432142034677e-04 1.861132047717878194e-03 -7.073453350663250552e-03 -1.106361957771938818e-02 2.950715165332300823e-03 8.109364517121365676e-03 1.609551918299399059e-03 8.041516171792498918e-03 2.440655353647604164e-03 2.360117489436372624e-03 -2.000324676425910969e-02 2.616052394020177817e-03 3.902459170459207129e-03 1.901089137179259175e-02 9.068340012683976845e-05 -3.805438443740284931e-03
-3.985689903556977054e-02 -6.682621602515204096e-02 -3.726586719683073340e-02 -3.056787500837297375e-02 7.298257666919553965e-02 1.225551870810612579e-02 -5.895799854071817787e-03 -2.409614908940207675e-02 -1.411088819803377539e-02 -5.279477817999590067e-02 -1.610196668961628441e-01 3.238007109965721636e-02 3.869778494977352268e-02 1.534526138934537301e-03 2.440655353647604164e-03 3.166244839387323540e-02 1.283255374949300587e-02 4.459768913536326512e-02 2.969623526757772525e-02 4.258417163522155297e-02 1.172752219929252687e-01 -5.570891471944268728e-04 2.962438760940539276e-02
-1.732349335710948318e-02 -2.904287254086542966e-02 -1.620027094757931635e-02 -1.326007116488188420e-02 3.326458344939409867e-02 5.612891473623161584e-03 -1.993745013066466638e-03 -9.870676287837585466e-03 -5.265259753811278587e-03 -2.328694075599991101e-02 -6.882656000160365661e-02 1.412722854336770535e-02 1.827182439719819348e-02 8.538820295465996855e-04 2.360117489436372624e-03 1.283255374949300587e-02 6.982175492863019681e-03 1.412253737690327346e-02 1.314116882246161612e-02 1.910574765245310475e-02 5.264016361837864366e-02 -2.021400653379322346e-04 1.070161365534264865e-02
-5.649755717541502659e-02 -9.559478093941174703e-02 -5.330829803587239235e-02 -4.322089956749172734e-02 7.984317306949886839e-02 9.787513387590682928e-03 -1.939804982345937415e-02 -4.387232618972174841e-02 -3.091016869569462172e-02 -6.707347447194308976e-02 -2.412123144110349393e-01 4.584092277139465571e-02 3.900628158889585945e-02 -2.954983980530562562e-03 -2.000324676425910969e-02 4.459768913536326512e-02 1.412253737690327346e-02 1.483157390411032062e-01 4.235879307753744050e-02 5.993022387805554269e-02 1.372110447560430102e-01 -1.284999971761904012e-03 6.412916998488604747e-02
-3.970940525173782820e-02 -6.655346091838383604e-02 -3.714245323308027619e-02 -3.041659074528206552e-02 7.339115590937148048e-02 1.204218156887320798e-02 -5.755567257401710685e-03 -2.382578561047396862e-02 -1.341516676449871527e-02 -5.234216836875797002e-02 -1.591118092133101125e-01 3.236768427427547112e-02 3.970550426252600351e-02 1.485080845475070330e-03 2.616052394020177817e-03 2.969623526757772525e-02 1.314116882246161612e-02 4.235879307753744050e-02 3.119587730504422979e-02 4.393850019664137518e-02 1.171536962394049280e-01 -5.280090246397574306e-04 2.771111528950799888e-02
-5.741045327946901061e-02 -9.605571691378496368e-02 -5.366848899428591779e-02 -4.393653484633821410e-02 1.064463814578692213e-01 1.739648037090156876e-02 -8.108187825100273902e-03 -3.438428314802830649e-02 -1.909025432345366063e-02 -7.541903402623893748e-02 -2.291275764959651018e-01 4.682815862672611018e-02 5.777855896246540668e-02 2.266512786924963167e-03 3.902459170459207129e-03 4.258417163522155297e-02 1.910574765245310475e-02 5.993022387805554269e-02 4.393850019664137518e-02 6.545852994861466045e-02 1.695138309577142732e-01 -7.561522817843120909e-04 3.959564031345716439e-02
-1.560172263224757772e-01 -2.612201396594829861e-01 -1.455730535927216851e-01 -1.193348210981405727e-01 2.961196652247026218e-01 5.032314219838396330e-02 -1.880425192511801444e-02 -8.998481519144971297e-02 -4.931376105555267814e-02 -2.092069003208253675e-01 -6.222100743696328262e-01 1.268844279466088965e-01 1.607525806439548399e-01 7.544720010730688459e-03 1.901089137179259175e-02 1.172752219929252687e-01 5.264016361837864366e-02 1.372110447560430102e-01 1.171536962394049280e-01 1.695138309577142732e-01 4.717415069430950236e-01 -1.902224569036451958e-03 1.016315327508131444e-01
6.968587743681211276e-04 1.175048384655842052e-03 6.730646489809728218e-04 5.435969392865162191e-04 -1.156225184703651553e-03 -1.867790732809148464e-04 1.593457054989792505e-04 4.894281883426886441e-04 3.291799198440437352e-04 8.740334742182875481e-04 2.926632916897038521e-03 -5.704353107783923828e-04 -5.599572304934665769e-04 -1.807171619644141005e-05 9.068340012683976845e-05 -5.570891471944268728e-04 -2.021400653379322346e-04 -1.284999971761904012e-03 -5.280090246397574306e-04 -7.561522817843120909e-04 -1.902224569036451958e-03 1.027445676609039073e-03 -7.421673944850473411e-04
-3.663699551215304079e-02 -6.205855707729324156e-02 -3.531198575505977572e-02 -2.883259294301488904e-02 6.182028739997948857e-02 1.001120148676552975e-02 -7.649558611337470976e-03 -2.529743991535916836e-02 -1.704006683091239052e-02 -4.659764384985649183e-02 -1.537812516594103396e-01 3.016608746779439465e-02 3.007927442391407705e-02 9.483790270957052990e-04 -3.805438443740284931e-03 2.962438760940539276e-02 1.070161365534264865e-02 6.412916998488604747e-02 2.771111528950799888e-02 3.959564031345716439e-02 1.016315327508131444e-01 -7.421673944850473411e-04 3.988989974495751878e-02
