4.052959890794584297e+00 -3.586851482163230465e+00 5.746398807794756217e-03 -2.772682962478747903e+00 1.198977668238370049e-02 1.363388495760079477e-01 7.252582305119144035e-01
-3.586851482163230465e+00 4.169437345632845293e+00 -1.021150524666179088e-02 3.130199204173453875e+00 -1.717734563745423881e-02 -4.149079295716386756e-02 -1.032666787981256773e+00
5.746398807794756217e-03 -1.021150524666179088e-02 1.068165558217518693e-03 -4.109679045963312780e-03 9.608098192304018008e-05 -9.907362953598961366e-04 1.777097142213820632e-03
-2.772682962478747903e+00 3.130199204173453875e+00 -4.109679045963312780e-03 5.677843222856451710e+00 -1.061177624802431968e-02 -1.171454369538439955e-01 -7.137483400954937052e-01
1.198977668238370049e-02 -1.717734563745423881e-02 9.608098192304018008e-05 -1.061177624802431968e-02 1.148818376777269992e-03 -1.141950652346197977e-03 2.875771639463381175e-03
1.363388495760079477e-01 -4.149079295716386756e-02 -9.907362953598961366e-04 -1.171454369538439955e-01 -1.141950652346197977e-03 3.189241069583117344e-02 2.944308961117382897e-02
7.252582305119144035e-01 -1.032666787981256773e+00 1.777097142213820632e-03 -7.137483400954937052e-01 2.875771639463381175e-03 2.944308961117382897e-02 8.175668349220058806e-01
