2.925658623742467768e+00 -5.035665345209829447e+00 2.018062143494597505e-01 -1.696125436205013770e-01 6.539054057553610189e-02 7.605864496106851114e-02 3.355862509829816293e-02
-5.035665345209829447e+00 1.166232790444104950e+01 -4.035887772697934195e-01 1.474450047146940390e+00 -1.693823220585983780e-01 -4.447402737308352172e-02 -1.619188743369528449e-01
2.018062143494597505e-01 -4.035887772697934195e-01 2.055978232471136410e-02 -8.449006107341110183e-03 5.564609111476504118e-03 -5.813215295560999335e-03 -2.733431092349054327e-03
-1.696125436205013770e-01 1.474450047146940390e+00 -8.449006107341110183e-03 1.038784213318210803e+00 -2.850304035263793653e-02 -2.003431525590654294e-02 -5.470834525988092084e-02
6.539054057553610189e-02 -1.693823220585983780e-01 5.564609111476504118e-03 -2.850304035263793653e-02 3.617313531721344511e-03 -2.133507276249428642e-04 2.538888724192664165e-03
7.605864496106851114e-02 -4.447402737308352172e-02 -5.813215295560999335e-03 -2.003431525590654294e-02 -2.133507276249428642e-04 4.107893324538042235e-02 1.150868258027175003e-02
3.355862509829816293e-02 -1.619188743369528449e-01 -2.733431092349054327e-03 -5.470834525988092084e-02 2.538888724192664165e-03 1.150868258027175003e-02 1.100356595379333169e-01
