   4.5547113153797487e-03   2.9799887810420784e-04  -1.4999139342717883e-03   8.4556017632480395e-03   1.3957522112917559e-02   1.4046192665899549e-03  -7.1972118040211305e-04  -2.0989952366198498e-03   4.8312463781518189e-04   1.9204962851989350e-05   4.2984644481217580e-05   1.8296053748261454e-04   6.7094596562182850e-05  -2.3172476541368225e-02  -2.7027001748307352e-02  -8.8513426163022886e-04  -2.7422549192743242e-03  -8.3478767628794221e-06   2.3582126802239057e-04   1.6329805133140384e-03
   2.9799887810420784e-04   2.7316100248264146e-03   6.1753129926992107e-04   5.8349055798119541e-04  -2.2569186758566798e-03   9.0246121885152806e-04   2.2848602957932881e-04   4.4329955893270722e-04   5.0453962827313125e-04   1.1710566245820147e-05  -7.4678876590071180e-05  -4.3761876970083280e-05  -1.3934763291507044e-05  -6.3708706463657251e-04   6.7122358536507719e-05   1.5622965451358606e-05   8.0282705110957538e-05  -3.7421406569525620e-06  -1.5512489768376669e-05   1.7004006373761124e-04
  -1.4999139342717883e-03   6.1753129926992107e-04   5.2161944230688598e-03  -3.5176195211762910e-03  -1.3439637228867474e-02   8.0277027243116168e-04   2.1313391319168656e-04   1.5391984463616623e-03   2.1391366454021415e-04  -2.7589187549693242e-06  -1.1368199617975334e-04  -1.4139051602826276e-04  -4.2929645923984481e-05   1.1697487168646941e-02   2.0313249939431108e-02   4.5211286946464781e-04   1.4999432657083860e-03   6.1251486089050269e-06  -2.6129579094728291e-04  -1.5386104194655336e-04
   8.4556017632480395e-03   5.8349055798119541e-04  -3.5176195211762910e-03   2.2975705303092248e-02   3.3477520489916715e-02   4.0908240646456940e-03  -1.9997940768832268e-03  -5.2078037440016099e-03   1.2534915619037633e-03   5.1376284094955566e-05   1.0548797039511423e-04   4.6692604623360922e-04   1.7193911824000331e-04  -5.7942077295031078e-02  -6.7025710679992745e-02  -2.2696122107802251e-03  -7.0933742750827573e-03  -2.3466953087075674e-05   6.5593656765505391e-04   4.3726071317569870e-03
   1.3957522112917559e-02  -2.2569186758566798e-03  -1.3439637228867474e-02   3.3477520489916715e-02   8.1836170904000374e-02   2.4783037783939290e-04  -2.8147562412559998e-03  -1.0977095298433822e-02   2.7933562739242417e-04   7.8232722962169764e-05   4.0784635891744645e-04   1.0032829569920031e-03   3.1785010764069779e-04  -1.0249987857201584e-01  -1.2960119551194402e-01  -3.8673526438473189e-03  -1.2061004649065586e-02  -2.9993267716637913e-05   1.3268531318586781e-03   5.1531234135038292e-03
   1.4046192665899549e-03   9.0246121885152806e-04   8.0277027243116168e-04   4.0908240646456940e-03   2.4783037783939290e-04   3.6525920678433972e-03  -4.4450541144876269e-04  -1.1931555339377310e-04   8.3937329109982114e-04   4.0553363663761995e-06  -1.8424546141531818e-05   8.9216647068276640e-06   2.6438483541468347e-05  -8.1857359637497046e-03  -7.4529762478919874e-03  -3.6120124338522881e-04  -1.0969572458972671e-03  -1.0939702433005713e-05   8.4082157107262935e-05   1.2158146358590750e-03
  -7.1972118040211305e-04   2.2848602957932881e-04   2.1313391319168656e-04  -1.9997940768832268e-03  -2.8147562412559998e-03  -4.4450541144876269e-04   1.5188991282382629e-03   5.0756034874824957e-04  -1.5217710197073953e-04   4.2166755545597853e-06  -3.9834216584286569e-05  -3.7677015578370840e-05  -1.5450911557666765e-05   5.7074237477982240e-03   6.0886554832059684e-03   1.7362561642136838e-04   5.9522850799857805e-04   3.6164225277708503e-06  -6.1535377337740413e-05  -3.8765237226095784e-04
  -2.0989952366198498e-03   4.4329955893270722e-04   1.5391984463616623e-03  -5.2078037440016099e-03  -1.0977095298433822e-02  -1.1931555339377310e-04   5.0756034874824957e-04   2.9534064368375410e-03   9.7289835133212012e-05  -2.1798100201034258e-05  -3.4467570070097824e-05  -1.8161898824747065e-04  -4.4288689587483660e-05   1.5167436932477948e-02   1.8685418129759639e-02   5.7320869822182375e-04   1.8298269288336139e-03  -8.8104388478320389e-07  -1.7728693008535606e-04  -7.3110271743530872e-04
   4.8312463781518189e-04   5.0453962827313125e-04   2.1391366454021415e-04   1.2534915619037633e-03   2.7933562739242417e-04   8.3937329109982114e-04  -1.5217710197073953e-04   9.7289835133212012e-05   1.9587870233431543e-03   1.5550823194099070e-05  -4.6853673761880814e-05  -6.6053228243109685e-06   6.7309199913923961e-06  -4.2341531906984788e-03  -2.2549885954488858e-03  -1.2688389653903732e-04  -4.2716097026317780e-04  -1.1033063251424667e-07  -1.7714441109275321e-05   4.8596035442542555e-04
   1.9204962851989350e-05   1.1710566245820147e-05  -2.7589187549693242e-06   5.1376284094955566e-05   7.8232722962169764e-05   4.0553363663761995e-06   4.2166755545597853e-06  -2.1798100201034258e-05   1.5550823194099070e-05   1.0057444724089464e-03  -8.7103752244077290e-06   3.2252646468093439e-06   8.5381544687868975e-07  -1.7300783541179828e-04  -1.3508305415142546e-04  -7.2412307240370224e-06  -2.0403078617749715e-05   1.5797946655007364e-06   8.3964961477374930e-07   1.0686302152957855e-05
   4.2984644481217580e-05  -7.4678876590071180e-05  -1.1368199617975334e-04   1.0548797039511423e-04   4.0784635891744645e-04  -1.8424546141531818e-05  -3.9834216584286569e-05  -3.4467570070097824e-05  -4.6853673761880814e-05  -8.7103752244077290e-06   1.0299338003843192e-03  -3.6244012465029835e-06   2.3075215177746645e-06  -2.4681849073551797e-04  -5.7692432006828452e-04  -6.4450137672785389e-06  -3.2965277536192596e-05  -2.6099822560343243e-06   1.5592398935192998e-05   3.9722843781780249e-07
   1.8296053748261454e-04  -4.3761876970083280e-05  -1.4139051602826276e-04   4.6692604623360922e-04   1.0032829569920031e-03   8.9216647068276640e-06  -3.7677015578370840e-05  -1.8161898824747065e-04  -6.6053228243109685e-06   3.2252646468093439e-06  -3.6244012465029835e-06   1.0218716951975175e-03   4.1318735693465673e-06  -1.3585473336090333e-03  -1.7000431460358141e-03  -5.7408047066260228e-05  -1.7333209079771250e-04  -4.8859991819616816e-07   1.6731833577093232e-05   7.0631301812870535e-05
   6.7094596562182850e-05  -1.3934763291507044e-05  -4.2929645923984481e-05   1.7193911824000331e-04   3.1785010764069779e-04   2.6438483541468347e-05  -1.5450911557666765e-05  -4.4288689587483660e-05   6.7309199913923961e-06   8.5381544687868975e-07   2.3075215177746645e-06   4.1318735693465673e-06   1.0055620558388656e-03  -4.8719080435075704e-04  -5.2880950967930840e-04  -2.2372262736084447e-05  -6.0822154572391028e-05  -7.5998676537120921e-07   6.4209418312277447e-06   3.8202281068837568e-05
  -2.3172476541368225e-02  -6.3708706463657251e-04   1.1697487168646941e-02  -5.7942077295031078e-02  -1.0249987857201584e-01  -8.1857359637497046e-03   5.7074237477982240e-03   1.5167436932477948e-02  -4.2341531906984788e-03  -1.7300783541179828e-04  -2.4681849073551797e-04  -1.3585473336090333e-03  -4.8719080435075704e-04   1.7942899221084740e-01   1.8720768601757143e-01   6.1632960898742855e-03   1.9125602849628092e-02   4.6939212865350555e-05  -1.7059881384917229e-03  -1.1032244419785420e-02
  -2.7027001748307352e-02   6.7122358536507719e-05   2.0313249939431108e-02  -6.7025710679992745e-02  -1.2960119551194402e-01  -7.4529762478919874e-03   6.0886554832059684e-03   1.8685418129759639e-02  -2.2549885954488858e-03  -1.3508305415142546e-04  -5.7692432006828452e-04  -1.7000431460358141e-03  -5.2880950967930840e-04   1.8720768601757143e-01   2.4401375144646106e-01   7.1147721392211148e-03   2.2641335627453667e-02   7.9743047211613239e-05  -2.4268270959659122e-03  -1.1548143948377321e-02
  -8.8513426163022886e-04   1.5622965451358606e-05   4.5211286946464781e-04  -2.2696122107802251e-03  -3.8673526438473189e-03  -3.6120124338522881e-04   1.7362561642136838e-04   5.7320869822182375e-04  -1.2688389653903732e-04  -7.2412307240370224e-06  -6.4450137672785389e-06  -5.7408047066260228e-05  -2.2372262736084447e-05   6.1632960898742855e-03   7.1147721392211148e-03   1.2854843181434555e-03   8.1524734340533169e-04   2.0042696258491830e-06  -6.7827671055282197e-05  -4.8588095830375357e-04
  -2.7422549192743242e-03   8.0282705110957538e-05   1.4999432657083860e-03  -7.0933742750827573e-03  -1.2061004649065586e-02  -1.0969572458972671e-03   5.9522850799857805e-04   1.8298269288336139e-03  -4.2716097026317780e-04  -2.0403078617749715e-05  -3.2965277536192596e-05  -1.7333209079771250e-04  -6.0822154572391028e-05   1.9125602849628092e-02   2.2641335627453667e-02   8.1524734340533169e-04   3.6108727538300810e-03   7.3552551366195839e-06  -2.1972818455533280e-04  -1.5029145482296216e-03
  -8.3478767628794221e-06  -3.7421406569525620e-06   6.1251486089050269e-06  -2.3466953087075674e-05  -2.9993267716637913e-05  -1.0939702433005713e-05   3.6164225277708503e-06  -8.8104388478320389e-07  -1.1033063251424667e-07   1.5797946655007364e-06  -2.6099822560343243e-06  -4.8859991819616816e-07  -7.5998676537120921e-07   4.6939212865350555e-05   7.9743047211613239e-05   2.0042696258491830e-06   7.3552551366195839e-06   1.0011439699142185e-03  -2.0738986329535510e-06  -6.5417526064975226e-06
   2.3582126802239057e-04  -1.5512489768376669e-05  -2.6129579094728291e-04   6.5593656765505391e-04   1.3268531318586781e-03   8.4082157107262935e-05  -6.1535377337740413e-05  -1.7728693008535606e-04  -1.7714441109275321e-05   8.3964961477374930e-07   1.5592398935192998e-05   1.6731833577093232e-05   6.4209418312277447e-06  -1.7059881384917229e-03  -2.4268270959659122e-03  -6.7827671055282197e-05  -2.1972818455533280e-04  -2.0738986329535510e-06   1.0616383231319365e-03   9.6483861638152257e-05
   1.6329805133140384e-03   1.7004006373761124e-04  -1.5386104194655336e-04   4.3726071317569870e-03   5.1531234135038292e-03   1.2158146358590750e-03  -3.8765237226095784e-04  -7.3110271743530872e-04   4.8596035442542555e-04   1.0686302152957855e-05   3.9722843781780249e-07   7.0631301812870535e-05   3.8202281068837568e-05  -1.1032244419785420e-02  -1.1548143948377321e-02  -4.8588095830375357e-04  -1.5029145482296216e-03  -6.5417526064975226e-06   9.6483861638152257e-05   2.3147303069151778e-03
