1.725303379228113831e+00 -1.116401710176734285e-01 1.803570783407220102e-01 -4.509073363054666439e-01 1.832258680766728209e-01 -2.306539362172587981e-01 -1.193823233506691034e-01 -1.381815905011486434e-01 7.429549938203511283e-01 1.103699755681457340e-01 -2.319987878810941817e-01 2.998092537232980859e-01 -1.184108560804508992e+00 1.177891000693221252e-01 -1.590616088465781064e-01 2.138301620382222160e-03
-1.116401710176734285e-01 3.011754199295626933e+00 4.744904262827922548e-01 -2.824092674020061700e-01 3.065922405718152655e-03 5.074896210556231191e-01 -3.869928640664999780e-02 5.440960260146501248e-01 -7.647736361527032178e-01 -3.115558111643531095e-02 3.277913106085633688e-02 -1.748080054819864393e-01 -2.933794781393920248e-01 4.847170248057958847e-02 -8.829393426189244276e-02 2.396154336771221527e-01
1.803570783407220102e-01 4.744904262827922548e-01 2.156313975017704720e+00 -3.340197624555885647e-01 -2.456334249495985625e-02 7.814589047889656248e-01 -1.936899896836327961e-01 8.237320715308330543e-01 -1.143734776380826323e+00 7.832701531310110044e-02 -1.747596434589531178e-01 -2.035869618192601704e-01 -1.191926011842349364e+00 -1.221105312173954988e-01 -2.859106720654108202e-01 1.638286013979593225e-01
-4.509073363054666439e-01 -2.824092674020061700e-01 -3.340197624555885647e-01 3.145984752575780696e+00 -5.966048793192458427e-02 -7.589581857345440996e-01 4.586487310624651897e-02 -5.695805661297965727e-01 8.426089655530833999e-01 -1.861755766825684832e-01 7.941631962120324073e-02 -1.264145833911945738e-01 1.271490319688590720e+00 6.414545650126236842e-02 6.202580116326501525e-01 6.862025616631136637e-01
1.832258680766728209e-01 3.065922405718152655e-03 -2.456334249495985625e-02 -5.966048793192458427e-02 3.597208746272063939e-02 -9.447898858022725499e-02 -9.525498620500413502e-03 -6.786932704759003621e-02 1.038279605212041878e-01 1.651546642952729516e-02 -3.064907373490083006e-02 5.341039495303822465e-02 -6.253214338341180067e-02 1.343011703803233779e-02 7.186207989351219017e-03 2.237751491147705035e-03
-2.306539362172587981e-01 5.074896210556231191e-01 7.814589047889656248e-01 -7.589581857345440996e-01 -9.447898858022725499e-02 5.010899179751925558e+00 -1.557726536183302313e-01 2.180812247149486627e+00 -2.447837657966853264e+00 -1.281217115216212454e-01 2.825975383114591108e-02 -1.389765888381030878e+00 -2.070692845605893506e+00 -1.118906172778299096e-01 -2.864174523784954740e+00 -2.672508355259600732e-01
-1.193823233506691034e-01 -3.869928640664999780e-02 -1.936899896836327961e-01 4.586487310624651897e-02 -9.525498620500413502e-03 -1.557726536183302313e-01 1.130144545623938818e-01 -6.886257943604216780e-02 1.032151917724780793e-01 -1.677713100290770809e-01 5.006554014893132426e-02 4.448285755380858297e-02 1.943514597137498412e-01 3.473185561019882946e-04 1.115419993386188302e-01 -6.516395138052753777e-02
-1.381815905011486434e-01 5.440960260146501248e-01 8.237320715308330543e-01 -5.695805661297965727e-01 -6.786932704759003621e-02 2.180812247149486627e+00 -6.886257943604216780e-02 3.123836372818832530e+00 -1.952055616139811267e+00 -2.325198056860090234e-01 9.997188659340786043e-02 2.631856112385249080e-01 -1.857187603831515599e+00 -2.125249059557216685e-02 -4.876151874745670578e-01 5.682382652035880555e-02
7.429549938203511283e-01 -7.647736361527032178e-01 -1.143734776380826323e+00 8.426089655530833999e-01 1.038279605212041878e-01 -2.447837657966853264e+00 1.032151917724780793e-01 -1.952055616139811267e+00 5.188201432976033978e+00 6.900677764974935680e-02 2.149923633947472823e-01 9.090299060727339286e-01 3.581551225891249413e+00 2.017529442561059871e-01 1.046355827501868729e+00 2.717088443342992043e-01
1.103699755681457340e-01 -3.115558111643531095e-02 7.832701531310110044e-02 -1.861755766825684832e-01 1.651546642952729516e-02 -1.281217115216212454e-01 -1.677713100290770809e-01 -2.325198056860090234e-01 6.900677764974935680e-02 1.397942151805931177e+00 -1.073312584972551664e-01 1.422983382445063283e-01 3.918411688147092203e-02 -5.831218923714136942e-02 -1.438780818532471861e-01 -4.671769898181562519e-01
-2.319987878810941817e-01 3.277913106085633688e-02 -1.747596434589531178e-01 7.941631962120324073e-02 -3.064907373490083006e-02 2.825975383114591108e-02 5.006554014893132426e-02 9.997188659340786043e-02 2.149923633947472823e-01 -1.073312584972551664e-01 3.145236690852776240e-01 5.242091314407885949e-03 1.330835714942635029e-01 1.029532800118624219e-01 2.230069182833017694e-01 5.341259790363215437e-02
2.998092537232980859e-01 -1.748080054819864393e-01 -2.035869618192601704e-01 -1.264145833911945738e-01 5.341039495303822465e-02 -1.389765888381030878e+00 4.448285755380858297e-02 2.631856112385249080e-01 9.090299060727339286e-01 1.422983382445063283e-01 5.242091314407885949e-03 2.912195371261765864e+00 5.424521857611905862e-01 2.011354407331703287e-01 -3.468649516005212763e-01 2.283801454458954661e-01
-1.184108560804508992e+00 -2.933794781393920248e-01 -1.191926011842349364e+00 1.271490319688590720e+00 -6.253214338341180067e-02 -2.070692845605893506e+00 1.943514597137498412e-01 -1.857187603831515599e+00 3.581551225891249413e+00 3.918411688147092203e-02 1.330835714942635029e-01 5.424521857611905862e-01 5.273337106117442552e+00 9.879663058473699133e-02 9.349713549537759238e-01 2.717168819036455685e-01
1.177891000693221252e-01 4.847170248057958847e-02 -1.221105312173954988e-01 6.414545650126236842e-02 1.343011703803233779e-02 -1.118906172778299096e-01 3.473185561019882946e-04 -2.125249059557216685e-02 2.017529442561059871e-01 -5.831218923714136942e-02 1.029532800118624219e-01 2.011354407331703287e-01 9.879663058473699133e-02 8.066931994217793056e-01 6.223684512797070939e-02 -3.838531718432392631e-02
-1.590616088465781064e-01 -8.829393426189244276e-02 -2.859106720654108202e-01 6.202580116326501525e-01 7.186207989351219017e-03 -2.864174523784954740e+00 1.115419993386188302e-01 -4.876151874745670578e-01 1.046355827501868729e+00 -1.438780818532471861e-01 2.230069182833017694e-01 -3.468649516005212763e-01 9.349713549537759238e-01 6.223684512797070939e-02 3.130409642276254623e+00 2.857818765164753527e-01
2.138301620382222160e-03 2.396154336771221527e-01 1.638286013979593225e-01 6.862025616631136637e-01 2.237751491147705035e-03 -2.672508355259600732e-01 -6.516395138052753777e-02 5.682382652035880555e-02 2.717088443342992043e-01 -4.671769898181562519e-01 5.341259790363215437e-02 2.283801454458954661e-01 2.717168819036455685e-01 -3.838531718432392631e-02 2.857818765164753527e-01 2.545892930479700667e+00
