   3.3093325986892459e+01   3.9232826241638125e-02   2.5474279453833592e-04   1.4618067815487848e-01   1.2942871149344333e+00  -7.3099336565656137e-01
   3.9232826241638125e-02   1.1424372370323109e-03   1.0150940593802294e-04   1.5268148510996429e-05   9.0579627417028381e-05  -1.7896513475151299e-03
   2.5474279453833592e-04   1.0150940593802294e-04   1.1542204038758714e-03  -3.0540916957776831e-04  -1.2142380587392815e-03  -3.8670638163449485e-04
   1.4618067815487848e-01   1.5268148510996429e-05  -3.0540916957776831e-04   2.4530528025049018e-03   6.9986043289579037e-03  -5.6506312037704993e-03
   1.2942871149344333e+00   9.0579627417028381e-05  -1.2142380587392815e-03   6.9986043289579037e-03   8.2920952185623523e-02  -2.8626134389519785e-03
  -7.3099336565656137e-01  -1.7896513475151299e-03  -3.8670638163449485e-04  -5.6506312037704993e-03  -2.8626134389519785e-03   9.0373968467472687e-01
