   4.5126799180052181e+01   1.5426780935957976e-01   1.2047493797136322e+00   1.7560706587009473e-01   1.4366975550422234e+00  -4.3773531988257391e-01
   1.5426780935957976e-01   2.0946623723197325e-03   2.7149929832531401e-02   7.0366758617362716e-04   1.0225583846639912e-03  -2.0513382097290776e-03
   1.2047493797136322e+00   2.7149929832531401e-02   4.3296998165918685e+00  -1.0754830380095289e-02  -9.4706198404066258e-02  -1.2857480726678738e-01
   1.7560706587009473e-01   7.0366758617362716e-04  -1.0754830380095289e-02   2.1078401550417578e-03   4.2050597186719576e-03  -1.0638152596919544e-03
   1.4366975550422234e+00   1.0225583846639912e-03  -9.4706198404066258e-02   4.2050597186719576e-03   9.0203665381974052e-02  -1.0448428761503677e-02
  -4.3773531988257391e-01  -2.0513382097290776e-03  -1.2857480726678738e-01  -1.0638152596919544e-03  -1.0448428761503677e-02   1.5561370303250255e-01
