   1.2696219188819830e+01   1.5325916197936218e-01   1.8869785891034045e+00   6.6584093533262584e-02   3.8454184536123481e-01  -1.3317684751736852e-01
   1.5325916197936218e-01   3.8026308065196054e-03   4.6597437764556583e-02   8.8962503035613233e-04  -1.4004320321955215e-03  -4.2730469402387583e-03
   1.8869785891034045e+00   4.6597437764556583e-02   2.3214589945329265e+00   3.5095693645104922e-03  -4.7591179653025464e-02  -1.4679404311946195e-01
   6.6584093533262584e-02   8.8962503035613233e-04   3.5095693645104922e-03   1.5512397695639573e-03   7.8429649115764014e-04   5.1906873719655665e-04
   3.8454184536123481e-01  -1.4004320321955215e-03  -4.7591179653025464e-02   7.8429649115764014e-04   6.5690978958573981e-02   7.2883263921344338e-03
  -1.3317684751736852e-01  -4.2730469402387583e-03  -1.4679404311946195e-01   5.1906873719655665e-04   7.2883263921344338e-03   1.0428759005720729e+00
