   5.7416277362429051e+00   1.0298444138037731e-02  -4.7843315144881637e-01   1.9976892852278667e-02   4.1814140717789635e-03  -4.0621592917518913e-02
   1.0298444138037731e-02   1.0305250477673658e-03  -1.8391130082692460e-03   6.2618036836628233e-05  -4.5425052501445743e-04  -4.6798563346255116e-04
  -4.7843315144881637e-01  -1.8391130082692460e-03   5.5280795310493485e+00  -6.0748189156969419e-03   5.3621916216357590e-02   6.9022791608811127e-02
   1.9976892852278667e-02   6.2618036836628233e-05  -6.0748189156969419e-03   1.1464184128187826e-03  -8.7941866755051441e-04  -1.0366542305117997e-03
   4.1814140717789635e-03  -4.5425052501445743e-04   5.3621916216357590e-02  -8.7941866755051441e-04   2.1968875871171120e-02   1.3995976632305751e-02
  -4.0621592917518913e-02  -4.6798563346255116e-04   6.9022791608811127e-02  -1.0366542305117997e-03   1.3995976632305751e-02   1.4518609584532285e+00
