1.038256977391622399e-01 1.812897280952507559e-02 1.224780269550862638e-01 1.166140008554318076e-02 4.442813298148882745e-04 1.240447970270554430e-03 -2.528538933244454945e-02 1.453029354327936996e-03 4.810761411101356611e-04 3.814155974911759023e-03
1.812897280952507559e-02 3.576972473225649707e-01 -2.146617600066774156e-01 -5.110236641483931891e-02 -1.643575234788143718e-04 -2.293851095384495404e-03 2.169534177822293741e-02 -4.719658243103250911e-03 1.673176095181298784e-03 -8.537225580377785783e-02
1.224780269550862638e-01 -2.146617600066774156e-01 7.395180762908323935e+00 1.908673582309396155e-02 -1.478225561239467339e-03 5.328301449408970672e-03 -1.468494094280611728e+00 -3.272164772088183900e-03 4.927691214411834310e-03 6.423242332586110992e-01
1.166140008554318076e-02 -5.110236641483931891e-02 1.908673582309396155e-02 1.774011990944426853e-02 6.084934422508625484e-04 1.864626939456946134e-04 -6.461570048561797626e-03 6.933294048477954942e-04 -1.109991021729834788e-03 4.005194489320859988e-03
4.442813298148882745e-04 -1.643575234788143718e-04 -1.478225561239467339e-03 6.084934422508625484e-04 1.042617420187833986e-03 -3.098915329278137951e-05 -1.368682914731779551e-04 -2.577651417355133299e-05 -7.589066642862320341e-05 -5.106572369184128124e-04
1.240447970270554430e-03 -2.293851095384495404e-03 5.328301449408970672e-03 1.864626939456946134e-04 -3.098915329278137951e-05 1.119324518190253177e-03 -2.852071858645018445e-04 1.626202646149001803e-04 9.315689031897770873e-05 6.894728314174175532e-04
-2.528538933244454945e-02 2.169534177822293741e-02 -1.468494094280611728e+00 -6.461570048561797626e-03 -1.368682914731779551e-04 -2.852071858645018445e-04 2.537740872419563143e+00 1.093137595975736311e-03 -8.932132585736824999e-06 -1.150956685116247602e+00
1.453029354327936996e-03 -4.719658243103250911e-03 -3.272164772088183900e-03 6.933294048477954942e-04 -2.577651417355133299e-05 1.626202646149001803e-04 1.093137595975736311e-03 1.278771171448855057e-03 8.925562435593351594e-05 3.324431060732955211e-04
4.810761411101356611e-04 1.673176095181298784e-03 4.927691214411834310e-03 -1.109991021729834788e-03 -7.589066642862320341e-05 9.315689031897770873e-05 -8.932132585736824999e-06 8.925562435593351594e-05 1.194931559292825799e-03 5.987622610083599695e-04
3.814155974911759023e-03 -8.537225580377785783e-02 6.423242332586110992e-01 4.005194489320859988e-03 -5.106572369184128124e-04 6.894728314174175532e-04 -1.150956685116247602e+00 3.324431060732955211e-04 5.987622610083599695e-04 7.772587533145356442e-01
