   2.7580439481092695e-02  -1.8977096594160045e-01  -1.8121852163947219e-01   2.7944253037497958e-02   2.2698613884177415e-01  -1.8505862277854046e-01  -4.6026113626781315e-02  -1.9001476906724621e-04   4.7550305874761355e-04  -3.0791920391707054e-03   6.9726932408787731e-02   3.1306186016887313e-03  -1.5254724459349762e-03   6.3708247754930400e-04   3.0545377001329850e-03   2.3121248628383412e-04  -2.4849783338205358e-01   1.0951884699483178e-01   4.6312850825181000e-05  -1.0285740817884122e-03   1.0992171081592735e-04   2.8217570417955230e-04  -4.2552102944425976e-02
  -1.8977096594160045e-01   3.8619079239828720e+00   2.8210820447744314e+00   3.5987839494151803e-02  -3.8752583109318870e+00   3.3768205885667899e+00   6.9336915032829116e-01   7.4882232183539471e-04   1.9652239941866501e-01   6.6121636796582492e-02  -1.3330547766158756e+00  -6.0919879782198996e-02   1.1499599124452899e-01  -1.3598123042453138e-02  -6.8871189905852712e-02  -3.1842185465732384e-03   4.0655823334431256e+00  -1.6297477775623235e+00  -1.2887160801137321e-03  -5.8632930189847395e-03  -1.4622475163637647e-03  -3.1542885317676515e-03   7.7516246521550036e-01
  -1.8121852163947219e-01   2.8210820447744314e+00   2.2412710514518532e+00  -7.9905713899589462e-02  -2.9768641167448093e+00   2.5429311073854541e+00   5.4915131810755835e-01   9.2865044729767573e-04   1.0993438143358682e-01   4.8556191241071696e-02  -1.0077189000591065e+00  -4.4911606742633017e-02   7.4461665860629980e-02  -1.0002170341025520e-02  -5.0925955150222045e-02  -2.4239122758214961e-03   3.1592510453218825e+00  -1.2996528201380706e+00  -9.1078476785386186e-04  -1.4251268114485833e-03  -1.2025055556571516e-03  -2.4557924609793433e-03   5.7940153015340878e-01
   2.7944253037497958e-02   3.5987839494151803e-02  -7.9905713899589462e-02   2.3770758208114928e-01   1.7079309421246075e-01  -1.2180086667550924e-02  -3.7477929904400777e-02  -4.6103478371499354e-04   1.1166267248265756e-03   5.0898673841888922e-03   1.7633032350073623e-02  -2.6951694297792402e-04   1.5270291991958396e-02  -6.0054685130241320e-04  -4.2839538455666992e-03  -2.9808120823783128e-04  -1.7768706242730575e-01   8.9798960254824062e-02  -8.3667926263784773e-05  -2.2796047070847859e-03   7.7545428292087048e-05  -6.3794953054982734e-04  -6.4293692879699410e-02
   2.2698613884177415e-01  -3.8752583109318870e+00  -2.9768641167448093e+00   1.7079309421246075e-01   4.1109490448107886e+00  -3.4605613767127763e+00  -7.4656616417658195e-01  -1.1883618275407757e-03  -1.9606281596484340e-01  -6.3144281289906248e-02   1.3703939278605866e+00   6.1423684156786229e-02  -1.0301013482425386e-01   1.3342108044976384e-02   6.7038249671948755e-02   2.9829135003520040e-03  -4.3218186461598895e+00   1.7544674985393121e+00   1.2340297216172223e-03   3.0788475746209290e-03   1.5870366000714235e-03   2.7502254984140473e-03  -8.3186163120721157e-01
  -1.8505862277854046e-01   3.3768205885667899e+00   2.5429311073854541e+00  -1.2180086667550924e-02  -3.4605613767127763e+00   3.0086618620396122e+00   6.3429684337745040e-01   5.2300188311001647e-04   1.6302156183490710e-01   5.7790197718347036e-02  -1.1741437684143077e+00  -5.3792010600292907e-02   1.0592822956982353e-01  -1.1862936769691902e-02  -6.0167573118157347e-02  -2.7865876356175825e-03   3.6562363759104715e+00  -1.4601953142440500e+00  -1.1266802778374856e-03  -3.7699817999394224e-03  -1.2871337311137323e-03  -2.9044977206419457e-03   6.8198808915424958e-01
  -4.6026113626781315e-02   6.9336915032829116e-01   5.4915131810755835e-01  -3.7477929904400777e-02  -7.4656616417658195e-01   6.3429684337745040e-01   1.4585847503361149e-01   5.3449667943673207e-05   3.0494657348366244e-02   1.1246978688118541e-02  -2.4646138255367214e-01  -1.1397068123697443e-02   2.4160481632033007e-02  -2.3456368369824754e-03  -1.1750542287473869e-02  -5.4834569501367432e-04   7.9561250687666674e-01  -3.1593416987428452e-01  -2.1459485149798827e-04  -2.6180547865376728e-04  -2.5151372484312842e-04  -6.1022213248932398e-04   1.4816858995304780e-01
  -1.9001476906724621e-04   7.4882232183539471e-04   9.2865044729767573e-04  -4.6103478371499354e-04  -1.1883618275407757e-03   5.2300188311001647e-04   5.3449667943673207e-05   1.0177909963622973e-03   1.7369215070222596e-05   1.0782856976233813e-05  -3.0285667559097894e-04  -1.5547668322917934e-05  -3.7195173298462631e-04  -2.8246220419321134e-06  -2.1300065963106074e-05  -2.2933329836554803e-06   9.8474558366418402e-04  -9.3889580796228326e-04   6.4949882525896599e-07   2.6502034187373338e-05  -9.3595048422385415e-07  -2.2508889602354147e-06   2.2877900490213171e-04
   4.7550305874761355e-04   1.9652239941866501e-01   1.0993438143358682e-01   1.1166267248265756e-03  -1.9606281596484340e-01   1.6302156183490710e-01   3.0494657348366244e-02   1.7369215070222596e-05   3.8106227087819453e-02   3.4716274147923751e-03  -6.1562322439748490e-02  -3.1322834091922179e-03   7.2720090955726560e-03  -6.3276040553876555e-04  -3.9775560460274927e-03  -2.2793882382199222e-05   1.9102840968502843e-01  -6.5934413198528205e-02  -4.7592330235646040e-05  -4.8324931531484947e-04  -2.7837361578219183e-05  -9.7511496644552153e-06   4.2693422602762418e-02
  -3.0791920391707054e-03   6.6121636796582492e-02   4.8556191241071696e-02   5.0898673841888922e-03  -6.3144281289906248e-02   5.7790197718347036e-02   1.1246978688118541e-02   1.0782856976233813e-05   3.4716274147923751e-03   2.5285170672403219e-03  -2.2289425184911182e-02  -1.0532728686289273e-03   2.0837332356198430e-03  -2.5879254444797172e-04  -1.4098114991386555e-03  -5.5986023330312931e-05   6.6934967484947927e-02  -2.6712927478122723e-02  -2.0869680003386841e-05  -6.3103595145977051e-05  -2.3322037750347727e-05  -7.4041432953411544e-05   1.1599124153862911e-02
   6.9726932408787731e-02  -1.3330547766158756e+00  -1.0077189000591065e+00   1.7633032350073623e-02   1.3703939278605866e+00  -1.1741437684143077e+00  -2.4646138255367214e-01  -3.0285667559097894e-04  -6.1562322439748490e-02  -2.2289425184911182e-02   4.7748981875168367e-01   2.0925667003365043e-02  -3.8736709636927033e-02   4.7290326958799546e-03   2.4023006020585075e-02   1.1146281395313130e-03  -1.4387532644526064e+00   5.8595461071863320e-01   4.3104540861028956e-04   1.6761504278870114e-03   5.4996756826998440e-04   9.9967067219048950e-04  -2.7357036052132772e-01
   3.1306186016887313e-03  -6.0919879782198996e-02  -4.4911606742633017e-02  -2.6951694297792402e-04   6.1423684156786229e-02  -5.3792010600292907e-02  -1.1397068123697443e-02  -1.5547668322917934e-05  -3.1322834091922179e-03  -1.0532728686289273e-03   2.0925667003365043e-02   2.0364076655796930e-03  -1.9359005044927117e-03   2.1032678739175403e-04   1.1066808695479300e-03   5.0055285356398200e-05  -6.4716019112392179e-02   2.5598990764316227e-02   1.8062969123790363e-05   4.1451240669673094e-05   1.7211472249453608e-05   6.7308738965262896e-05  -1.2148237636272144e-02
  -1.5254724459349762e-03   1.1499599124452899e-01   7.4461665860629980e-02   1.5270291991958396e-02  -1.0301013482425386e-01   1.0592822956982353e-01   2.4160481632033007e-02  -3.7195173298462631e-04   7.2720090955726560e-03   2.0837332356198430e-03  -3.8736709636927033e-02  -1.9359005044927117e-03   1.6490277414350239e-02  -4.2621455699080012e-04  -2.0571762312922106e-03  -6.2908437344075697e-05   1.1603447703884369e-01  -2.9848182082401885e-02  -5.6778748048138302e-05  -7.1310173527164235e-04  -1.5081732556951785e-05  -7.5150827605309137e-05   1.9585129963565567e-02
   6.3708247754930400e-04  -1.3598123042453138e-02  -1.0002170341025520e-02  -6.0054685130241320e-04   1.3342108044976384e-02  -1.1862936769691902e-02  -2.3456368369824754e-03  -2.8246220419321134e-06  -6.3276040553876555e-04  -2.5879254444797172e-04   4.7290326958799546e-03   2.1032678739175403e-04  -4.2621455699080012e-04   1.0578777987158019e-03   2.7791401163076919e-04   1.2751429644923074e-05  -1.4051376949439155e-02   5.6759495894401612e-03   4.8388144255252420e-06   3.0576112174986110e-05   6.9413367165169770e-06   1.0808988894868271e-05  -2.5628634708810957e-03
   3.0545377001329850e-03  -6.8871189905852712e-02  -5.0925955150222045e-02  -4.2839538455666992e-03   6.7038249671948755e-02  -6.0167573118157347e-02  -1.1750542287473869e-02  -2.1300065963106074e-05  -3.9775560460274927e-03  -1.4098114991386555e-03   2.4023006020585075e-02   1.1066808695479300e-03  -2.0571762312922106e-03   2.7791401163076919e-04   2.7841589538501483e-03   5.2613286212418972e-05  -7.0252877147424592e-02   2.8458917012516922e-02   1.4886701519035229e-05  -9.0370752985100928e-06   2.3979872537694879e-05   7.2518172732400322e-05  -1.2093147816127860e-02
   2.3121248628383412e-04  -3.1842185465732384e-03  -2.4239122758214961e-03  -2.9808120823783128e-04   2.9829135003520040e-03  -2.7865876356175825e-03  -5.4834569501367432e-04  -2.2933329836554803e-06  -2.2793882382199222e-05  -5.5986023330312931e-05   1.1146281395313130e-03   5.0055285356398200e-05  -6.2908437344075697e-05   1.2751429644923074e-05   5.2613286212418972e-05   1.0235084226797584e-03  -3.1851122574366774e-03   1.3740685273702618e-03   5.5698037628387482e-07  -3.5196925306628228e-05   1.2062084896129704e-06   1.1527048335853401e-05  -5.2856839464010053e-04
  -2.4849783338205358e-01   4.0655823334431256e+00   3.1592510453218825e+00  -1.7768706242730575e-01  -4.3218186461598895e+00   3.6562363759104715e+00   7.9561250687666674e-01   9.8474558366418402e-04   1.9102840968502843e-01   6.6934967484947927e-02  -1.4387532644526064e+00  -6.4716019112392179e-02   1.1603447703884369e-01  -1.4051376949439155e-02  -7.0252877147424592e-02  -3.1851122574366774e-03   4.5720501686169079e+00  -1.8464786839951153e+00  -1.3168837948150697e-03  -2.9544105478955243e-03  -1.6686103159811389e-03  -3.0313043334571558e-03   8.6864860590671145e-01
   1.0951884699483178e-01  -1.6297477775623235e+00  -1.2996528201380706e+00   8.9798960254824062e-02   1.7544674985393121e+00  -1.4601953142440500e+00  -3.1593416987428452e-01  -9.3889580796228326e-04  -6.5934413198528205e-02  -2.6712927478122723e-02   5.8595461071863320e-01   2.5598990764316227e-02  -2.9848182082401885e-02   5.6759495894401612e-03   2.8458917012516922e-02   1.3740685273702618e-03  -1.8464786839951153e+00   7.8151583190283869e-01   5.0087484518788572e-04   2.3687818816589784e-04   7.5231441800577758e-04   1.2322616719339170e-03  -3.4900759668501485e-01
   4.6312850825181000e-05  -1.2887160801137321e-03  -9.1078476785386186e-04  -8.3667926263784773e-05   1.2340297216172223e-03  -1.1266802778374856e-03  -2.1459485149798827e-04   6.4949882525896599e-07  -4.7592330235646040e-05  -2.0869680003386841e-05   4.3104540861028956e-04   1.8062969123790363e-05  -5.6778748048138302e-05   4.8388144255252420e-06   1.4886701519035229e-05   5.5698037628387482e-07  -1.3168837948150697e-03   5.0087484518788572e-04   1.0098668828192748e-03   6.6719127108768766e-06   8.6200620302666049e-07  -2.7029917053461549e-06  -2.5384885427515093e-04
  -1.0285740817884122e-03  -5.8632930189847395e-03  -1.4251268114485833e-03  -2.2796047070847859e-03   3.0788475746209290e-03  -3.7699817999394224e-03  -2.6180547865376728e-04   2.6502034187373338e-05  -4.8324931531484947e-04  -6.3103595145977051e-05   1.6761504278870114e-03   4.1451240669673094e-05  -7.1310173527164235e-04   3.0576112174986110e-05  -9.0370752985100928e-06  -3.5196925306628228e-05  -2.9544105478955243e-03   2.3687818816589784e-04   6.6719127108768766e-06   1.6819602614607852e-03   8.5540597600643522e-06  -6.0578023660988142e-05  -1.0386528038793389e-03
   1.0992171081592735e-04  -1.4622475163637647e-03  -1.2025055556571516e-03   7.7545428292087048e-05   1.5870366000714235e-03  -1.2871337311137323e-03  -2.5151372484312842e-04  -9.3595048422385415e-07  -2.7837361578219183e-05  -2.3322037750347727e-05   5.4996756826998440e-04   1.7211472249453608e-05  -1.5081732556951785e-05   6.9413367165169770e-06   2.3979872537694879e-05   1.2062084896129704e-06  -1.6686103159811389e-03   7.5231441800577758e-04   8.6200620302666049e-07   8.5540597600643522e-06   1.0030298583586284e-03  -4.1247058668929400e-06  -3.2785395272514250e-04
   2.8217570417955230e-04  -3.1542885317676515e-03  -2.4557924609793433e-03  -6.3794953054982734e-04   2.7502254984140473e-03  -2.9044977206419457e-03  -6.1022213248932398e-04  -2.2508889602354147e-06  -9.7511496644552153e-06  -7.4041432953411544e-05   9.9967067219048950e-04   6.7308738965262896e-05  -7.5150827605309137e-05   1.0808988894868271e-05   7.2518172732400322e-05   1.1527048335853401e-05  -3.0313043334571558e-03   1.2322616719339170e-03  -2.7029917053461549e-06  -6.0578023660988142e-05  -4.1247058668929400e-06   1.0766903095526463e-03  -3.3266826494405356e-04
  -4.2552102944425976e-02   7.7516246521550036e-01   5.7940153015340878e-01  -6.4293692879699410e-02  -8.3186163120721157e-01   6.8198808915424958e-01   1.4816858995304780e-01   2.2877900490213171e-04   4.2693422602762418e-02   1.1599124153862911e-02  -2.7357036052132772e-01  -1.2148237636272144e-02   1.9585129963565567e-02  -2.5628634708810957e-03  -1.2093147816127860e-02  -5.2856839464010053e-04   8.6864860590671145e-01  -3.4900759668501485e-01  -2.5384885427515093e-04  -1.0386528038793389e-03  -3.2785395272514250e-04  -3.3266826494405356e-04   1.8484292779643346e-01
