2.736680457723356455e-02 1.653709986485815686e-02 4.371667071172463670e-02 1.081749723657940768e-02 -4.003717113656188147e-03 -2.533884698002466184e-04 -1.120733298475265309e-02 2.584692268245778325e-04 2.011408811924868950e-02 -1.537551202644924777e-03 3.674068286271502115e-02 -2.480167640519474401e-02 1.419393296284399315e-02 -7.398121332093033319e-03 4.025890046927680342e-03 2.039041519490071737e-05 -6.724817969728063270e-05 1.488170267355320368e-04 -2.989034136508021905e-04 -1.776233267906402683e-03 1.165214679956025351e-04 1.150325100713456504e-06 -7.004487595121994259e-02
1.653709986485815686e-02 1.287356554569604565e-02 2.713270082213795759e-02 6.794164259159419725e-03 -2.504266836998741367e-03 -8.397498817568709007e-05 -7.733956846756266830e-03 6.159581395880885926e-04 9.869683440283083184e-03 -1.817334515378337756e-03 2.298038791937491443e-02 -1.364901885186502704e-02 8.236534333969824234e-03 -5.448596787056218804e-03 1.905501689397523209e-03 4.740741968686840353e-05 -2.973924263512211545e-05 8.097560975423874876e-05 -1.125887993496353114e-04 -7.841955352567231766e-04 7.437437979008809435e-05 -2.572025261380489898e-06 -4.429477997954998914e-02
4.371667071172463670e-02 2.713270082213795759e-02 7.397181856413174994e-02 1.809564053966361552e-02 -6.578342689954375794e-03 -3.109529711059127251e-04 -1.853088570276593267e-02 1.169918616189580984e-04 3.437614750510251810e-02 -2.345573600063815579e-03 6.119763241321966862e-02 -4.188422101134581244e-02 2.390443668365639998e-02 -1.202476909253259556e-02 6.716586823428116575e-03 2.961267743346118151e-05 -1.212664066683188528e-04 2.550223504936401727e-04 -5.221616761440783794e-04 -3.066435714398995423e-03 1.964233845474354389e-04 4.003361017464837294e-06 -1.166999139814191427e-01
1.081749723657940768e-02 6.794164259159419725e-03 1.809564053966361552e-02 5.576214946030275295e-03 -1.552550007876732016e-03 3.321109615831694978e-06 -4.625519196081577869e-03 -3.430867546900877410e-05 8.468817852554674439e-03 -6.230740374084459609e-04 1.522094022182934880e-02 -1.029756612847785441e-02 5.935834070978058576e-03 -2.980864282444993778e-03 1.591373060174047695e-03 3.260058185567524533e-06 -2.984252093236813773e-05 6.025932727381102491e-05 -1.299124652317880293e-04 -7.562001323937473903e-04 4.579732750307712296e-05 1.137762419411873032e-06 -2.903224123458913314e-02
-4.003717113656188147e-03 -2.504266836998741367e-03 -6.578342689954375794e-03 -1.552550007876732016e-03 1.876320224684163967e-03 1.902362139648891407e-04 1.615531638131637937e-03 -1.495039218362336441e-04 -3.036591701812816138e-03 1.553847671551204096e-04 -5.526711341634907987e-03 3.885703797106635372e-03 -2.126223399225489041e-03 1.122725642887341651e-03 -7.271966459768846626e-04 3.157982851133437578e-06 8.955126469138389317e-06 -1.915640927205801737e-05 5.252520057865114390e-05 2.877546834950774676e-04 -1.498079120224367090e-05 -1.122098923312392507e-07 1.053133747217024907e-02
-2.533884698002466184e-04 -8.397498817568709007e-05 -3.109529711059127251e-04 3.321109615831694978e-06 1.902362139648891407e-04 1.188433131760287600e-03 2.537265500919253899e-05 -1.131183548852896225e-04 -2.134026173243971003e-04 -4.801019812922768771e-05 -2.340006263177177369e-04 3.114754714811842490e-04 -7.750912452320204505e-05 6.188390716967715009e-05 -1.612072078397786890e-04 9.387229543635880981e-06 -7.814200484162755403e-07 3.041932147277589937e-06 9.710153323563323487e-06 3.214190250416653629e-05 3.884644430448947432e-06 2.148226925441893518e-07 4.726375014531381089e-04
-1.120733298475265309e-02 -7.733956846756266830e-03 -1.853088570276593267e-02 -4.625519196081577869e-03 1.615531638131637937e-03 2.537265500919253899e-05 6.255381981027700877e-03 -3.044927395481908188e-04 -7.263391530608493026e-03 1.120836339311947517e-03 -1.561984746554273724e-02 9.628227330632939049e-03 -5.737604742561278406e-03 3.587128449040528910e-03 -1.380611254953496804e-03 -3.392385676842664502e-05 2.425315359640472246e-05 -6.256699778714782387e-05 8.591322057712925020e-05 5.862983356431145012e-04 -5.409392783020486350e-05 1.043713776769437588e-06 3.001877765896764777e-02
2.584692268245778325e-04 6.159581395880885926e-04 1.169918616189580984e-04 -3.430867546900877410e-05 -1.495039218362336441e-04 -1.131183548852896225e-04 -3.044927395481908188e-04 1.436451842888085114e-03 -9.325882559080252762e-04 -2.976759915537986073e-04 1.761647572035564778e-04 5.094237972223226128e-04 -2.379160608012541854e-04 -4.016042102927998964e-04 8.359802480682960638e-06 1.334842482268711102e-05 6.487296324162301176e-06 -3.274424464228070564e-06 2.953187258202543975e-05 1.235774015836275843e-04 1.294561374129655466e-06 -1.782877716861217745e-06 -3.923710239485447815e-04
2.011408811924868950e-02 9.869683440283083184e-03 3.437614750510251810e-02 8.468817852554674439e-03 -3.036591701812816138e-03 -2.134026173243971003e-04 -7.263391530608493026e-03 -9.325882559080252762e-04 2.240874366524316097e-02 5.966234799348999916e-04 2.856072041934885897e-02 -2.316709592023561554e-02 1.243654955848029660e-02 -3.893578128827000252e-03 4.145924538088766736e-03 -5.958289752371130995e-05 -8.328806681932433115e-05 1.365409630376596996e-04 -3.960947508701658957e-04 -2.092550081154190451e-03 8.447880099554421136e-05 9.542533472916020379e-06 -5.371016970246295791e-02
-1.537551202644924777e-03 -1.817334515378337756e-03 -2.345573600063815579e-03 -6.230740374084459609e-04 1.553847671551204096e-04 -4.801019812922768771e-05 1.120836339311947517e-03 -2.976759915537986073e-04 5.966234799348999916e-04 1.697803336508068488e-03 -2.062335957509056194e-03 1.849220532545086206e-04 -3.886011933954150541e-04 9.797207087314007204e-04 1.339410552089641336e-04 -2.870247378759652798e-05 -1.860106540550601903e-06 -5.619696605925935789e-06 -3.407800724288577654e-05 -1.194536192336088438e-04 -1.016995715318906446e-05 2.332975810332863690e-06 4.168891446359783426e-03
3.674068286271502115e-02 2.298038791937491443e-02 6.119763241321966862e-02 1.522094022182934880e-02 -5.526711341634907987e-03 -2.340006263177177369e-04 -1.561984746554273724e-02 1.761647572035564778e-04 2.856072041934885897e-02 -2.062335957509056194e-03 5.261153643837275518e-02 -3.490303354773910405e-02 1.993209475867277480e-02 -1.014767542457444514e-02 5.620115930491506942e-03 2.710360617982496485e-05 -1.027033206021021942e-04 2.135664521050620952e-04 -4.293768364494864737e-04 -2.533824775815996574e-03 1.632053418896444775e-04 2.712915872506550561e-06 -9.813725982175071361e-02
-2.480167640519474401e-02 -1.364901885186502704e-02 -4.188422101134581244e-02 -1.029756612847785441e-02 3.885703797106635372e-03 3.114754714811842490e-04 9.628227330632939049e-03 5.094237972223226128e-04 -2.316709592023561554e-02 1.849220532545086206e-04 -3.490303354773910405e-02 2.749143421514188210e-02 -1.451552753136413181e-02 5.756760233662666128e-03 -4.567705739382412096e-03 3.228691412865187274e-05 8.588299708077260376e-05 -1.561947182598963455e-04 4.027820368351619487e-04 2.199804428823312012e-03 -1.085096627589931406e-04 -7.507468985684454451e-06 6.609006592135613367e-02
1.419393296284399315e-02 8.236534333969824234e-03 2.390443668365639998e-02 5.935834070978058576e-03 -2.126223399225489041e-03 -7.750912452320204505e-05 -5.737604742561278406e-03 -2.379160608012541854e-04 1.243654955848029660e-02 -3.886011933954150541e-04 1.993209475867277480e-02 -1.451552753136413181e-02 9.194423463227244936e-03 -3.552207108522526836e-03 2.353743865862156868e-03 -7.454914600683434463e-06 -4.546559186153938521e-05 8.667021844357310754e-05 -2.077172751189182648e-04 -1.157897209478981216e-03 6.311026186805172205e-05 2.741119284276053934e-06 -3.791818843216644697e-02
-7.398121332093033319e-03 -5.448596787056218804e-03 -1.202476909253259556e-02 -2.980864282444993778e-03 1.122725642887341651e-03 6.188390716967715009e-05 3.587128449040528910e-03 -4.016042102927998964e-04 -3.893578128827000252e-03 9.797207087314007204e-04 -1.014767542457444514e-02 5.756760233662666128e-03 -3.552207108522526836e-03 3.653311032126631015e-03 -7.988937514773594619e-04 -2.739430534656533620e-05 9.799341723782462119e-06 -3.511583131192055191e-05 3.538638477276497658e-05 2.836704506215071493e-04 -3.378738415056988859e-05 2.199404612658044507e-06 1.961785663764181731e-02
4.025890046927680342e-03 1.905501689397523209e-03 6.716586823428116575e-03 1.591373060174047695e-03 -7.271966459768846626e-04 -1.612072078397786890e-04 -1.380611254953496804e-03 8.359802480682960638e-06 4.145924538088766736e-03 1.339410552089641336e-04 5.620115930491506942e-03 -4.567705739382412096e-03 2.353743865862156868e-03 -7.988937514773594619e-04 2.063574844939085589e-03 -1.582207897145354776e-05 -1.571075998969349215e-05 2.563417498157813547e-05 -7.818489787357224042e-05 -4.054809220696882358e-04 1.401631091893973135e-05 1.646743715307178103e-06 -1.040894668521358431e-02
2.039041519490071737e-05 4.740741968686840353e-05 2.961267743346118151e-05 3.260058185567524533e-06 3.157982851133437578e-06 9.387229543635880981e-06 -3.392385676842664502e-05 1.334842482268711102e-05 -5.958289752371130995e-05 -2.870247378759652798e-05 2.710360617982496485e-05 3.228691412865187274e-05 -7.454914600683434463e-06 -2.739430534656533620e-05 -1.582207897145354776e-05 1.012565942360939926e-03 -8.824564568973306477e-07 5.563750115523077131e-06 7.044527475075317206e-06 1.457770329690905216e-05 6.575036965684156017e-06 -3.024435336692775692e-08 -4.819586646913783499e-05
-6.724817969728063270e-05 -2.973924263512211545e-05 -1.212664066683188528e-04 -2.984252093236813773e-05 8.955126469138389317e-06 -7.814200484162755403e-07 2.425315359640472246e-05 6.487296324162301176e-06 -8.328806681932433115e-05 -1.860106540550601903e-06 -1.027033206021021942e-04 8.588299708077260376e-05 -4.546559186153938521e-05 9.799341723782462119e-06 -1.571075998969349215e-05 -8.824564568973306477e-07 1.003985319944524640e-03 -2.780614806063854669e-06 2.332822794321549189e-06 8.825166019614260978e-06 -2.016608814949189557e-07 -1.437543406774143817e-07 1.892337647897765073e-04
1.488170267355320368e-04 8.097560975423874876e-05 2.550223504936401727e-04 6.025932727381102491e-05 -1.915640927205801737e-05 3.041932147277589937e-06 -6.256699778714782387e-05 -3.274424464228070564e-06 1.365409630376596996e-04 -5.619696605925935789e-06 2.135664521050620952e-04 -1.561947182598963455e-04 8.667021844357310754e-05 -3.511583131192055191e-05 2.563417498157813547e-05 5.563750115523077131e-06 -2.780614806063854669e-06 1.005139018729085719e-03 -3.090195132194694964e-07 -9.449832290440416221e-06 3.302642853844583181e-06 9.551959927501431213e-08 -3.942386192413857506e-04
-2.989034136508021905e-04 -1.125887993496353114e-04 -5.221616761440783794e-04 -1.299124652317880293e-04 5.252520057865114390e-05 9.710153323563323487e-06 8.591322057712925020e-05 2.953187258202543975e-05 -3.960947508701658957e-04 -3.407800724288577654e-05 -4.293768364494864737e-04 4.027820368351619487e-04 -2.077172751189182648e-04 3.538638477276497658e-05 -7.818489787357224042e-05 7.044527475075317206e-06 2.332822794321549189e-06 -3.090195132194694964e-07 1.012625998782246866e-03 4.811854367505915794e-05 1.387451433556937672e-06 -2.946221172620293017e-07 8.076622168909787080e-04
-1.776233267906402683e-03 -7.841955352567231766e-04 -3.066435714398995423e-03 -7.562001323937473903e-04 2.877546834950774676e-04 3.214190250416653629e-05 5.862983356431145012e-04 1.235774015836275843e-04 -2.092550081154190451e-03 -1.194536192336088438e-04 -2.533824775815996574e-03 2.199804428823312012e-03 -1.157897209478981216e-03 2.836704506215071493e-04 -4.054809220696882358e-04 1.457770329690905216e-05 8.825166019614260978e-06 -9.449832290440416221e-06 4.811854367505915794e-05 1.226907643987298338e-03 -3.900190855523310418e-06 -1.236966278701071637e-06 4.763247930511016297e-03
1.165214679956025351e-04 7.437437979008809435e-05 1.964233845474354389e-04 4.579732750307712296e-05 -1.498079120224367090e-05 3.884644430448947432e-06 -5.409392783020486350e-05 1.294561374129655466e-06 8.447880099554421136e-05 -1.016995715318906446e-05 1.632053418896444775e-04 -1.085096627589931406e-04 6.311026186805172205e-05 -3.378738415056988859e-05 1.401631091893973135e-05 6.575036965684156017e-06 -2.016608814949189557e-07 3.302642853844583181e-06 1.387451433556937672e-06 -3.900190855523310418e-06 1.004765209378149062e-03 2.812610552079664615e-08 -3.045235591307786350e-04
1.150325100713456504e-06 -2.572025261380489898e-06 4.003361017464837294e-06 1.137762419411873032e-06 -1.122098923312392507e-07 2.148226925441893518e-07 1.043713776769437588e-06 -1.782877716861217745e-06 9.542533472916020379e-06 2.332975810332863690e-06 2.712915872506550561e-06 -7.507468985684454451e-06 2.741119284276053934e-06 2.199404612658044507e-06 1.646743715307178103e-06 -3.024435336692775692e-08 -1.437543406774143817e-07 9.551959927501431213e-08 -2.946221172620293017e-07 -1.236966278701071637e-06 2.812610552079664615e-08 1.000256962348245078e-03 -4.928955663907726613e-06
-7.004487595121994259e-02 -4.429477997954998914e-02 -1.166999139814191427e-01 -2.903224123458913314e-02 1.053133747217024907e-02 4.726375014531381089e-04 3.001877765896764777e-02 -3.923710239485447815e-04 -5.371016970246295791e-02 4.168891446359783426e-03 -9.813725982175071361e-02 6.609006592135613367e-02 -3.791818843216644697e-02 1.961785663764181731e-02 -1.040894668521358431e-02 -4.819586646913783499e-05 1.892337647897765073e-04 -3.942386192413857506e-04 8.076622168909787080e-04 4.763247930511016297e-03 -3.045235591307786350e-04 -4.928955663907726613e-06 1.883859734615090931e-01
