2.816115368549340747e+00 -3.764614026041647410e+00 1.833749697249509661e-02 -1.125276484984079728e+00 2.599238900603824745e-02 1.532644362863357923e-01 -1.384204518669404971e+00
-3.764614026041647410e+00 5.402859321195641051e+00 -2.615385027090207093e-02 1.625944886052686833e+00 -3.784353896047973342e-02 -2.033553878503922829e-01 1.732525561993483842e+00
1.833749697249509661e-02 -2.615385027090207093e-02 1.139418879464512181e-03 -7.850662780033847848e-03 1.929505769348577174e-04 7.677315644591966269e-04 -8.850239811624006914e-03
-1.125276484984079728e+00 1.625944886052686833e+00 -7.850662780033847848e-03 5.457209013574069179e-01 -1.183606956746917870e-02 -5.997007577394129069e-02 4.454662285875417016e-01
2.599238900603824745e-02 -3.784353896047973342e-02 1.929505769348577174e-04 -1.183606956746917870e-02 1.297523855055802500e-03 1.239926692706841025e-03 -1.144310206914944845e-02
1.532644362863357923e-01 -2.033553878503922829e-01 7.677315644591966269e-04 -5.997007577394129069e-02 1.239926692706841025e-03 1.483213379478934453e-02 -6.773170283920469659e-02
-1.384204518669404971e+00 1.732525561993483842e+00 -8.850239811624006914e-03 4.454662285875417016e-01 -1.144310206914944845e-02 -6.773170283920469659e-02 1.120057923216692064e+00
