   9.4744975554313618e-02  -1.1967410089965724e-01   2.0814061756039609e-01   6.7324393960742399e-02  -3.1805544479554027e-02   1.0341475109699370e-02   8.1452449719738751e-02   8.0047228526956407e-02  -3.8892154405625060e-02   2.3535075621807806e-03   2.7353192226597691e-05   2.1640597723332788e-03   1.5112166301203339e-03   5.8804473388426104e-01   2.7565744628848099e-01  -2.2286307868458325e-03   2.0344493799293335e-02   1.0037019917098701e-03  -8.1045888564237282e-03   1.7370172370645066e-02
  -1.1967410089965724e-01   2.6748227148076520e+00   3.0604357139429750e+00  -1.5394725137038339e+00  -3.8465941700353361e+00   8.0454362703656745e-01   9.7841613982336581e-02  -5.4888060885009471e-01   7.2533906013587338e-03  -3.6373291064988912e-03  -2.0870671850385758e-03   2.4789209747345746e-03  -7.6667308235427185e-03  -1.4587009449476604e-01   9.5715931320962244e-01   6.6669982417798646e-02   2.2074562881263077e-01  -8.0468331746839442e-03   1.0140393593812881e-01   5.0355726366518125e-02
   2.0814061756039609e-01   3.0604357139429750e+00   5.2343408733163876e+00  -1.9339682966614284e+00  -5.4602475437346083e+00   1.1008917094238100e+00   4.9052277809669792e-01  -4.4923317700112919e-01  -1.7873199880970489e-01   1.2507239803276340e-03  -8.7579327920364342e-04   1.0794694356778439e-02  -6.8578285124900659e-03   2.4594626777408810e+00   2.5899327584274716e+00   9.6003424994647632e-02   3.9497395158688881e-01  -7.4914336018714698e-03   1.1843771980136117e-01   3.3231679980561396e-01
   6.7324393960742399e-02  -1.5394725137038339e+00  -1.9339682966614284e+00   9.7232363689393508e-01   2.3375847958347058e+00  -4.6448384583317609e-01  -7.0810265778870854e-02   3.4223934912727327e-01   1.4527055496358994e-03   3.3296506267780812e-03   5.5237715042261962e-04  -1.0684567930789269e-03   5.5192612857979410e-03  -6.7810878667030408e-02  -6.5862973625217514e-01  -4.4371557636813379e-02  -1.3483160535081462e-01   4.8678279533377116e-03  -6.3124106304561112e-02  -1.1836058055711939e-01
  -3.1805544479554027e-02  -3.8465941700353361e+00  -5.4602475437346083e+00   2.3375847958347058e+00   6.2022727444333574e+00  -1.2692319227237332e+00  -3.5432411188265228e-01   7.0199469996917441e-01   7.7602557018508600e-02   1.6857459961997531e-03   2.4989413918177078e-03  -8.3987812056964262e-03   9.4123952223310100e-03  -1.3746780502751814e+00  -2.2803831693379144e+00  -1.0366887579750311e-01  -3.9607519819493486e-01   1.0380733298050386e-02  -1.4270670841818556e-01  -2.4155523209317317e-01
   1.0341475109699370e-02   8.0454362703656745e-01   1.1008917094238100e+00  -4.6448384583317609e-01  -1.2692319227237332e+00   2.7181978591885902e-01   6.9848643834446597e-02  -1.4045985866513302e-01  -1.0427777034334859e-02   2.5079232583454316e-04  -9.0303953519434079e-04   1.9675197818135575e-03  -1.3794779884721052e-03   2.5898957314742921e-01   4.5278198417755416e-01   1.8012125601393033e-02   7.8635975719015594e-02  -2.0040535178029832e-03   2.6238933190212518e-02   2.0539017847019354e-02
   8.1452449719738751e-02   9.7841613982336581e-02   4.9052277809669792e-01  -7.0810265778870854e-02  -3.5432411188265228e-01   6.9848643834446597e-02   1.0560940176415198e-01   4.1071370971836649e-02  -6.1930834720570697e-02   1.3357053935934133e-03   4.2862803609680720e-04   2.1399935824323139e-03   2.4886226018518945e-04   6.0278649228184444e-01   3.7544798564380466e-01   8.7783117784444292e-03   4.6764791840819664e-02   5.1131567291837260e-05   6.9551619394652691e-03   5.1572342727558312e-02
   8.0047228526956407e-02  -5.4888060885009471e-01  -4.4923317700112919e-01   3.4223934912727327e-01   7.0199469996917441e-01  -1.4045985866513302e-01   4.1071370971836649e-02   1.6981816119350562e-01  -4.4922607871192698e-02   2.0241327547832460e-03   6.2976493378576865e-04   9.1707188543086176e-04   2.1197322478630079e-03   3.6888134132720679e-01  -1.4290237958143378e-02  -1.0511948061484351e-02  -2.0920167925144305e-02   1.9112395930662393e-03  -1.9128602852867892e-02  -1.2673620027022041e-02
  -3.8892154405625060e-02   7.2533906013587338e-03  -1.7873199880970489e-01   1.4527055496358994e-03   7.7602557018508600e-02  -1.0427777034334859e-02  -6.1930834720570697e-02  -4.4922607871192698e-02   6.1649979709673196e-02   2.9335600808665391e-05  -8.7016850256229966e-04  -7.0809002168565217e-04   4.0703189086049082e-04  -2.9154668081381435e-01  -1.6610865746437242e-01  -8.9063480063827898e-03  -2.7010175428057896e-02   1.5002801157668318e-04  -8.9851864401119842e-03  -4.2488302448065125e-02
   2.3535075621807806e-03  -3.6373291064988912e-03   1.2507239803276340e-03   3.3296506267780812e-03   1.6857459961997531e-03   2.5079232583454316e-04   1.3357053935934133e-03   2.0241327547832460e-03   2.9335600808665391e-05   1.1937596989687904e-03  -6.4237924190017458e-05   1.1463822094364666e-04   1.5894060608929983e-04   1.2136281038994742e-02   4.5965721707051654e-03  -5.3240204240857802e-04   1.6194535817905476e-04   5.1413330345723877e-05  -5.7008719255633225e-04  -1.6616612489472643e-03
   2.7353192226597691e-05  -2.0870671850385758e-03  -8.7579327920364342e-04   5.5237715042261962e-04   2.4989413918177078e-03  -9.0303953519434079e-04   4.2862803609680720e-04   6.2976493378576865e-04  -8.7016850256229966e-04  -6.4237924190017458e-05   1.0707943054403693e-03  -2.8744080357463767e-05  -5.4949598710872693e-05   1.2333845055506887e-03   2.1476454560764838e-04   2.9637794078201909e-04   1.3601842631027900e-04  -2.8869448402287077e-06   1.8869833810716846e-04   1.2400864849041605e-03
   2.1640597723332788e-03   2.4789209747345746e-03   1.0794694356778439e-02  -1.0684567930789269e-03  -8.3987812056964262e-03   1.9675197818135575e-03   2.1399935824323139e-03   9.1707188543086176e-04  -7.0809002168565217e-04   1.1463822094364666e-04  -2.8744080357463767e-05   1.0995382752011997e-03   7.6085972154250168e-05   1.4328018026034091e-02   8.5790442214989191e-03  -8.1522618093561762e-05   1.0129938299660885e-03   2.0102369481458251e-05  -1.2152656280340748e-04  -9.2963207701771727e-05
   1.5112166301203339e-03  -7.6667308235427185e-03  -6.8578285124900659e-03   5.5192612857979410e-03   9.4123952223310100e-03  -1.3794779884721052e-03   2.4886226018518945e-04   2.1197322478630079e-03   4.0703189086049082e-04   1.5894060608929983e-04  -5.4949598710872693e-05   7.6085972154250168e-05   1.2323558148861062e-03   6.0101025164509235e-03  -3.0016243107392593e-04  -8.1987987850123479e-04  -6.5702157559987390e-04   4.2423202695850769e-05  -6.0453851362932077e-04  -1.8476840377287199e-03
   5.8804473388426104e-01  -1.4587009449476604e-01   2.4594626777408810e+00  -6.7810878667030408e-02  -1.3746780502751814e+00   2.5898957314742921e-01   6.0278649228184444e-01   3.6888134132720679e-01  -2.9154668081381435e-01   1.2136281038994742e-02   1.2333845055506887e-03   1.4328018026034091e-02   6.0101025164509235e-03   4.1887375303700374e+00   2.2862762728161683e+00   1.6810965908700990e-02   2.1362477958253503e-01   3.9590848143884897e-03  -1.2988925215831313e-02   3.0262492178117134e-01
   2.7565744628848099e-01   9.5715931320962244e-01   2.5899327584274716e+00  -6.5862973625217514e-01  -2.2803831693379144e+00   4.5278198417755416e-01   3.7544798564380466e-01  -1.4290237958143378e-02  -1.6610865746437242e-01   4.5965721707051654e-03   2.1476454560764838e-04   8.5790442214989191e-03  -3.0016243107392593e-04   2.2862762728161683e+00   1.6621358798421471e+00   3.8575803035949034e-02   2.0708508204572809e-01  -1.1170900421421631e-03   3.5538526572434434e-02   2.1699865331123613e-01
  -2.2286307868458325e-03   6.6669982417798646e-02   9.6003424994647632e-02  -4.4371557636813379e-02  -1.0366887579750311e-01   1.8012125601393033e-02   8.7783117784444292e-03  -1.0511948061484351e-02  -8.9063480063827898e-03  -5.3240204240857802e-04   2.9637794078201909e-04  -8.1522618093561762e-05  -8.1987987850123479e-04   1.6810965908700990e-02   3.8575803035949034e-02   6.0487620253602409e-03   9.4288548196079357e-03  -2.9410601491349446e-04   5.0853111809524556e-03   1.3860222920052880e-02
   2.0344493799293335e-02   2.2074562881263077e-01   3.9497395158688881e-01  -1.3483160535081462e-01  -3.9607519819493486e-01   7.8635975719015594e-02   4.6764791840819664e-02  -2.0920167925144305e-02  -2.7010175428057896e-02   1.6194535817905476e-04   1.3601842631027900e-04   1.0129938299660885e-03  -6.5702157559987390e-04   2.1362477958253503e-01   2.0708508204572809e-01   9.4288548196079357e-03   3.6744095702242567e-02  -5.7694066609183540e-04   1.1086494307337925e-02   2.8077137028410918e-02
   1.0037019917098701e-03  -8.0468331746839442e-03  -7.4914336018714698e-03   4.8678279533377116e-03   1.0380733298050386e-02  -2.0040535178029832e-03   5.1131567291837260e-05   1.9112395930662393e-03   1.5002801157668318e-04   5.1413330345723877e-05  -2.8869448402287077e-06   2.0102369481458251e-05   4.2423202695850769e-05   3.9590848143884897e-03  -1.1170900421421631e-03  -2.9410601491349446e-04  -5.7694066609183540e-04   1.0390540404059008e-03  -4.8389842459115756e-04  -5.6916857958764610e-04
  -8.1045888564237282e-03   1.0140393593812881e-01   1.1843771980136117e-01  -6.3124106304561112e-02  -1.4270670841818556e-01   2.6238933190212518e-02   6.9551619394652691e-03  -1.9128602852867892e-02  -8.9851864401119842e-03  -5.7008719255633225e-04   1.8869833810716846e-04  -1.2152656280340748e-04  -6.0453851362932077e-04  -1.2988925215831313e-02   3.5538526572434434e-02   5.0853111809524556e-03   1.1086494307337925e-02  -4.8389842459115756e-04   8.3725459159604936e-03   1.3305308383608353e-02
   1.7370172370645066e-02   5.0355726366518125e-02   3.3231679980561396e-01  -1.1836058055711939e-01  -2.4155523209317317e-01   2.0539017847019354e-02   5.1572342727558312e-02  -1.2673620027022041e-02  -4.2488302448065125e-02  -1.6616612489472643e-03   1.2400864849041605e-03  -9.2963207701771727e-05  -1.8476840377287199e-03   3.0262492178117134e-01   2.1699865331123613e-01   1.3860222920052880e-02   2.8077137028410918e-02  -5.6916857958764610e-04   1.3305308383608353e-02   1.2190635774221273e-01
