   3.9339436077118380e-02   1.0412129601056032e-02   1.0778921059759117e-01   2.2933844443549841e-02   1.2072357754552465e-01   3.5079258918239785e-02  -9.7321986729200644e-02   3.1932153383179354e-02  -1.3071287236973619e-01   2.9276195163546520e-03  -1.8111829408488384e-03  -5.6934017839207190e-05   2.3259139403448486e-03  -1.3244321886154520e-01  -1.3919090204068263e-02   5.3805575101687720e-03   1.2810573071332486e-02   2.5824228118004810e-04  -1.1216093339760104e-02  -2.7843003298286439e-01
   1.0412129601056032e-02   7.1715570148663990e-02   3.7176608220684554e-02  -1.1760109321360660e-02   5.2856713588372857e-02   6.4745056577295693e-02  -4.5495073299649275e-02   1.1770610857292248e-02  -3.3086076213705962e-02   7.4698395110638744e-04  -6.9242074292773074e-04  -4.1718655707517039e-04   2.7885712480046708e-04  -6.0519117112241866e-02  -5.1645017608971965e-02   1.9054688405112431e-03   4.2697650762627245e-03  -6.0825202531831517e-05  -3.2474976528112272e-03  -1.2577492893159928e-01
   1.0778921059759117e-01   3.7176608220684554e-02   4.9680529276259339e-01   1.1419094219229120e-01   5.4858065502679298e-01   1.3627916195715109e-01  -5.0463184562572549e-01   1.1938523470674479e-01  -6.4404655868595062e-01   1.1100417898631209e-02  -5.2362435991745477e-04  -6.1461963908275097e-04   9.7392182000402335e-03  -6.3703311123954853e-01  -1.1026704059790675e-01   1.7269659221143686e-02   4.1318820842747080e-02   9.1283213147687749e-04  -4.3642392019257514e-02  -1.2969226912566054e+00
   2.2933844443549841e-02  -1.1760109321360660e-02   1.1419094219229120e-01   3.8000032776938433e-02   1.2435518921993936e-01   1.2166925505547861e-02  -1.1560327845310964e-01   2.7032741881853187e-02  -1.5335978907118678e-01   2.4788182906189736e-03   4.7596451132893996e-04  -1.2187630730292486e-04   2.3093123799385719e-03  -1.4394942411565737e-01  -1.2954034647561294e-02   3.6847352036302912e-03   8.4505457445075913e-03   2.4408604039624960e-04  -9.7592904598358416e-03  -2.9158913418763571e-01
   1.2072357754552465e-01   5.2856713588372857e-02   5.4858065502679298e-01   1.2435518921993936e-01   6.1582422752850630e-01   1.6158292939885127e-01  -5.5846239527948927e-01   1.3452212720944270e-01  -7.1144510240922854e-01   1.2369591731074684e-02  -9.1316236120184428e-04  -7.6919415964386460e-04   1.0816544854612040e-02  -7.0766721902727669e-01  -1.2771789359969762e-01   1.9275513071701559e-02   4.5828065086111897e-02   1.0011197494928070e-03  -4.8542621268672502e-02  -1.4432787150581028e+00
   3.5079258918239785e-02   6.4745056577295693e-02   1.3627916195715109e-01   1.2166925505547861e-02   1.6158292939885127e-01   9.0982481079672564e-02  -1.4186886484038605e-01   3.5707502457108652e-02  -1.6219420368509008e-01   3.5755285016833616e-03  -1.6225702220555721e-03  -1.3440828428872630e-04   2.7914327393417661e-03  -1.8316916460596688e-01  -6.3384844056595793e-02   6.3691396655518205e-03   1.4645684225233808e-02   2.0499505906408020e-04  -1.4022670542097680e-02  -3.7817817501621254e-01
  -9.7321986729200644e-02  -4.5495073299649275e-02  -5.0463184562572549e-01  -1.1560327845310964e-01  -5.5846239527948927e-01  -1.4186886484038605e-01   5.2930321451366225e-01  -1.1566385668721636e-01   6.6064108467988958e-01  -1.1035556985078720e-02  -9.4369151046438699e-04   5.9145893444616173e-04  -9.8124202641692373e-03   6.5582631981394768e-01   1.2876320330337682e-01  -1.6701808607659151e-02  -3.9899838157186840e-02  -8.7671494516155764e-04   4.3691877323019802e-02   1.3288395961056210e+00
   3.1932153383179354e-02   1.1770610857292248e-02   1.1938523470674479e-01   2.7032741881853187e-02   1.3452212720944270e-01   3.5707502457108652e-02  -1.1566385668721636e-01   3.4038260883261041e-02  -1.5216270944033039e-01   2.9776599903721650e-03  -1.0655265072788834e-03  -1.2818004667600254e-04   2.5557842350396407e-03  -1.5122888783792501e-01  -2.2612988068494617e-02   4.8539590616043507e-03   1.1584621348125643e-02   2.4923152527584256e-04  -1.1529444972274936e-02  -3.1220556389501009e-01
  -1.3071287236973619e-01  -3.3086076213705962e-02  -6.4404655868595062e-01  -1.5335978907118678e-01  -7.1144510240922854e-01  -1.6219420368509008e-01   6.6064108467988958e-01  -1.5216270944033039e-01   8.5000402052880186e-01  -1.4286447248368627e-02  -5.1839609512894654e-05   7.1722097861599496e-04  -1.2762439016822202e-02   8.2840378478033927e-01   1.3988337010673049e-01  -2.1571202112864563e-02  -5.1847863089592085e-02  -1.1890033983011062e-03   5.6157719518339963e-02   1.6828508820713106e+00
   2.9276195163546520e-03   7.4698395110638744e-04   1.1100417898631209e-02   2.4788182906189736e-03   1.2369591731074684e-02   3.5755285016833616e-03  -1.1035556985078720e-02   2.9776599903721650e-03  -1.4286447248368627e-02   1.4664738338758039e-03  -2.7269214244377189e-04   1.0737261230106608e-04   4.1448562539938460e-04  -1.3674274858417183e-02  -2.1917074913685485e-03   7.1642560444631713e-04   1.6566939671737951e-03   4.2979477889362742e-05  -1.6840035575280176e-03  -2.8861498754463449e-02
  -1.8111829408488384e-03  -6.9242074292773074e-04  -5.2362435991745477e-04   4.7596451132893996e-04  -9.1316236120184428e-04  -1.6225702220555721e-03  -9.4369151046438699e-04  -1.0655265072788834e-03  -5.1839609512894654e-05  -2.7269214244377189e-04   1.5802492094962278e-03  -1.2541122256295274e-04  -2.0553575654238694e-04  -3.5241414956090804e-04  -7.9385439545738405e-04  -4.7010148105904541e-04  -1.0892274401201796e-03  -2.3844324223413993e-05   8.8694738123248353e-04   1.0539139237402426e-03
  -5.6934017839207190e-05  -4.1718655707517039e-04  -6.1461963908275097e-04  -1.2187630730292486e-04  -7.6919415964386460e-04  -1.3440828428872630e-04   5.9145893444616173e-04  -1.2818004667600254e-04   7.1722097861599496e-04   1.0737261230106608e-04  -1.2541122256295274e-04   1.0780212236445093e-03   1.0117880815328362e-04   1.1070011209727948e-03   2.9321891210050454e-04   1.4609981117764736e-04   3.3741511034432209e-04   1.1328252042865251e-05  -3.3876358670931471e-04   1.8076395278083714e-03
   2.3259139403448486e-03   2.7885712480046708e-04   9.7392182000402335e-03   2.3093123799385719e-03   1.0816544854612040e-02   2.7914327393417661e-03  -9.8124202641692373e-03   2.5557842350396407e-03  -1.2762439016822202e-02   4.1448562539938460e-04  -2.0553575654238694e-04   1.0117880815328362e-04   1.4094347748807288e-03  -1.2039783309995092e-02  -1.8016637170460703e-03   5.6692737078010524e-04   1.3412700117780404e-03   3.5641234320174869e-05  -1.5036297599754218e-03  -2.5302973983586944e-02
  -1.3244321886154520e-01  -6.0519117112241866e-02  -6.3703311123954853e-01  -1.4394942411565737e-01  -7.0766721902727669e-01  -1.8316916460596688e-01   6.5582631981394768e-01  -1.5122888783792501e-01   8.2840378478033927e-01  -1.3674274858417183e-02  -3.5241414956090804e-04   1.1070011209727948e-03  -1.2039783309995092e-02   8.2694172000010990e-01   1.5494649425097978e-01  -2.0937211088197696e-02  -5.0217839880646958e-02  -1.0878092705300460e-03   5.4088472662601132e-02   1.6764184112783136e+00
  -1.3919090204068263e-02  -5.1645017608971965e-02  -1.1026704059790675e-01  -1.2954034647561294e-02  -1.2771789359969762e-01  -6.3384844056595793e-02   1.2876320330337682e-01  -2.2612988068494617e-02   1.3988337010673049e-01  -2.1917074913685485e-03  -7.9385439545738405e-04   2.9321891210050454e-04  -1.8016637170460703e-03   1.5494649425097978e-01   6.4793800658657044e-02  -3.5077090070078742e-03  -8.2125734701857973e-03  -8.4918442686434157e-05   9.0944321109815707e-03   3.1097892988989234e-01
   5.3805575101687720e-03   1.9054688405112431e-03   1.7269659221143686e-02   3.6847352036302912e-03   1.9275513071701559e-02   6.3691396655518205e-03  -1.6701808607659151e-02   4.8539590616043507e-03  -2.1571202112864563e-02   7.1642560444631713e-04  -4.7010148105904541e-04   1.4609981117764736e-04   5.6692737078010524e-04  -2.0937211088197696e-02  -3.5077090070078742e-03   2.4184038247270726e-03   3.0650253505571066e-03   6.3907807311106485e-05  -2.7076614596217505e-03  -4.4706880826110428e-02
   1.2810573071332486e-02   4.2697650762627245e-03   4.1318820842747080e-02   8.4505457445075913e-03   4.5828065086111897e-02   1.4645684225233808e-02  -3.9899838157186840e-02   1.1584621348125643e-02  -5.1847863089592085e-02   1.6566939671737951e-03  -1.0892274401201796e-03   3.3741511034432209e-04   1.3412700117780404e-03  -5.0217839880646958e-02  -8.2125734701857973e-03   3.0650253505571066e-03   8.2354657983574608e-03   1.4268603542939693e-04  -6.2327600623217306e-03  -1.0696664457610341e-01
   2.5824228118004810e-04  -6.0825202531831517e-05   9.1283213147687749e-04   2.4408604039624960e-04   1.0011197494928070e-03   2.0499505906408020e-04  -8.7671494516155764e-04   2.4923152527584256e-04  -1.1890033983011062e-03   4.2979477889362742e-05  -2.3844324223413993e-05   1.1328252042865251e-05   3.5641234320174869e-05  -1.0878092705300460e-03  -8.4918442686434157e-05   6.3907807311106485e-05   1.4268603542939693e-04   1.0054145385428807e-03  -1.4518791228734050e-04  -2.3165564920652024e-03
  -1.1216093339760104e-02  -3.2474976528112272e-03  -4.3642392019257514e-02  -9.7592904598358416e-03  -4.8542621268672502e-02  -1.4022670542097680e-02   4.3691877323019802e-02  -1.1529444972274936e-02   5.6157719518339963e-02  -1.6840035575280176e-03   8.8694738123248353e-04  -3.3876358670931471e-04  -1.5036297599754218e-03   5.4088472662601132e-02   9.0944321109815707e-03  -2.7076614596217505e-03  -6.2327600623217306e-03  -1.4518791228734050e-04   7.3624582449398528e-03   1.1364282649921309e-01
  -2.7843003298286439e-01  -1.2577492893159928e-01  -1.2969226912566054e+00  -2.9158913418763571e-01  -1.4432787150581028e+00  -3.7817817501621254e-01   1.3288395961056210e+00  -3.1220556389501009e-01   1.6828508820713106e+00  -2.8861498754463449e-02   1.0539139237402426e-03   1.8076395278083714e-03  -2.5302973983586944e-02   1.6764184112783136e+00   3.1097892988989234e-01  -4.4706880826110428e-02  -1.0696664457610341e-01  -2.3165564920652024e-03   1.1364282649921309e-01   3.4142769402357303e+00
