   3.4630925591876533e+01   2.0710551406605958e-02  -8.7704516263769391e-02   1.3876333003310545e-01   1.1959360737139439e+00  -2.0362283964102534e+00
   2.0710551406605958e-02   1.2081557240742262e-03   6.7392194584380200e-04  -8.1897296328012359e-05  -1.7668722190600254e-03  -8.8666888558333948e-04
  -8.7704516263769391e-02   6.7392194584380200e-04   5.5867853176724130e-03  -1.5472977522430424e-03  -1.0009331336802650e-02   5.4916758210666883e-03
   1.3876333003310545e-01  -8.1897296328012359e-05  -1.5472977522430424e-03   2.0191108410238089e-03   5.6589994725325518e-03  -8.1137111074291741e-03
   1.1959360737139439e+00  -1.7668722190600254e-03  -1.0009331336802650e-02   5.6589994725325518e-03   8.4422131336475886e-02  -7.0306668447559353e-02
  -2.0362283964102534e+00  -8.8666888558333948e-04   5.4916758210666883e-03  -8.1137111074291741e-03  -7.0306668447559353e-02   2.7987241011549067e+00
