3.831343674879955814e-03 -1.778170623514327984e-03 2.172035320114252058e-03 4.378846688850868314e-03 -3.837896518337208642e-05 -3.981749227598138717e-04 -2.731396325728594789e-03 -2.628659650232839564e-03 -2.020567851182313241e-04 5.275836107043110380e-03 3.666272891866484895e-04 -3.776422442304078544e-03 -1.068211685665963577e-03 -4.207197213806688693e-03 4.133585460357448726e-03 -1.030688728975367140e-03 4.462488061861453483e-04 6.757448984953257076e-04 9.166388691759583675e-05 -3.699509547202278628e-04 2.513308244212316615e-04 -2.245498050678470441e-04 -1.074306026233152501e-02
-1.778170623514327984e-03 4.189350309421573104e-02 -2.619806699277503134e-02 7.099960648851591505e-02 -1.515026573843125945e-01 -4.311594948975989300e-02 -1.480248351099343052e-01 -8.478784077361468940e-02 -2.225891974072301792e-03 -5.499579111116056906e-02 1.277644638606832000e-03 1.000157529324981372e-02 -3.371566444144738495e-02 -1.430201576469098401e-01 1.423349464231832562e-01 -6.242489179579022813e-04 1.626807524340767716e-03 7.063764663285022546e-03 1.876739394801483487e-03 7.520441617552523113e-03 3.721595044455538494e-04 3.861834664588640383e-03 -5.303726605496712487e-01
2.172035320114252058e-03 -2.619806699277503134e-02 2.073905247796037007e-02 -4.351686792545228499e-02 9.563630458981609017e-02 2.639673505443430879e-02 9.179901208704902005e-02 5.250932794977414275e-02 1.996860287326169842e-03 3.835068331590583274e-02 -9.971705725138832205e-04 -7.423748599849340317e-03 2.122743920247956162e-02 8.710409956693995759e-02 -8.781068929347335406e-02 3.901180439319082492e-04 -1.135892972316108812e-03 -4.475153833255739524e-03 -1.392317686408080452e-03 -5.356887521079748207e-03 -3.359832631869511671e-04 -2.252967946638359965e-03 3.300446589559371535e-01
4.378846688850868314e-03 7.099960648851591505e-02 -4.351686792545228499e-02 1.506484043572445808e-01 -2.890731777638504973e-01 -8.324643915373390601e-02 -2.913976670330871710e-01 -1.691678868898216226e-01 -5.199661783839990697e-03 -8.918587494332644305e-02 3.271175101573429219e-03 7.158222518283255398e-03 -6.777178558450931700e-02 -2.854192500355529627e-01 2.831743487081511135e-01 -3.876981287780122479e-03 4.172856961771640588e-03 1.542193995666840158e-02 3.491881845635741183e-03 1.246126385461568398e-02 1.118884871200662070e-03 8.023864889936931782e-03 -1.043843507961403017e+00
-3.837896518337208642e-05 -1.515026573843125945e-01 9.563630458981609017e-02 -2.890731777638504973e-01 5.905193322649101573e-01 1.687875166120647585e-01 5.846134918654332102e-01 3.363543057887093957e-01 9.132081287116289303e-03 2.000947177875430638e-01 -5.236307515096796754e-03 -2.779982134841426505e-02 1.347545304622886353e-01 5.681786933386993033e-01 -5.642154439136448651e-01 4.141667733931081626e-03 -6.890033901939197208e-03 -2.913815306738393868e-02 -6.865032113633092598e-03 -2.700146901365486560e-02 -1.472454585671202718e-03 -1.599199249483840637e-02 2.091991095181989113e+00
-3.981749227598138717e-04 -4.311594948975989300e-02 2.639673505443430879e-02 -8.324643915373390601e-02 1.687875166120647585e-01 5.015827505366903666e-02 1.682373389916189399e-01 9.676701511442876991e-02 2.129537204032721197e-03 5.630424864309428734e-02 -1.376889751523826741e-03 -7.257515801407447321e-03 3.902183299538001388e-02 1.641688567062067339e-01 -1.626369975220588737e-01 1.072643142973154010e-03 -1.910309389772394274e-03 -8.391373695793674994e-03 -1.822234351563671237e-03 -7.420605929925005312e-03 -3.325640014146020876e-04 -4.283581622126856822e-03 6.012830310517810473e-01
-2.731396325728594789e-03 -1.480248351099343052e-01 9.179901208704902005e-02 -2.913976670330871710e-01 5.846134918654332102e-01 1.682373389916189399e-01 5.844293847606525372e-01 3.362555355524705081e-01 9.046129004975422827e-03 1.926274599634334450e-01 -5.333130079879376713e-03 -2.342394726107183481e-02 1.349148792706849898e-01 5.686227051293493151e-01 -5.639107079918941334e-01 4.834498930560874458e-03 -7.069064190067167637e-03 -2.947439991204891391e-02 -6.639898774796504713e-03 -2.584836146233938231e-02 -1.503356354460958161e-03 -1.618962265194612629e-02 2.086568576916326023e+00
-2.628659650232839564e-03 -8.478784077361468940e-02 5.250932794977414275e-02 -1.691678868898216226e-01 3.363543057887093957e-01 9.676701511442876991e-02 3.362555355524705081e-01 1.956933582238059022e-01 5.463258275614286952e-03 1.091733630131844907e-01 -3.406420069949604550e-03 -1.224682453214649691e-02 7.782804375182438006e-02 3.282150573725219900e-01 -3.259142318724568832e-01 3.484538230170186428e-03 -4.403723946818993012e-03 -1.726160763701203513e-02 -4.036972381404974226e-03 -1.508804988026661055e-02 -1.113975301133582384e-03 -8.848212941965050496e-03 1.204099402060604174e+00
-2.020567851182313241e-04 -2.225891974072301792e-03 1.996860287326169842e-03 -5.199661783839990697e-03 9.132081287116289303e-03 2.129537204032721197e-03 9.046129004975422827e-03 5.463258275614286952e-03 1.920571949909676999e-03 2.696796963221185540e-03 -4.359529835933783249e-04 -2.542665199645136262e-05 1.916073559108642755e-03 8.401970380429689411e-03 -8.728472591935231006e-03 6.290014016048315476e-04 -3.809916041663757944e-04 -6.011414792286385667e-04 -3.300302468236536750e-04 -6.702004239847464276e-04 -2.421678506475773076e-04 -4.780742244549637202e-04 3.323476167377269891e-02
5.275836107043110380e-03 -5.499579111116056906e-02 3.835068331590583274e-02 -8.918587494332644305e-02 2.000947177875430638e-01 5.630424864309428734e-02 1.926274599634334450e-01 1.091733630131844907e-01 2.696796963221185540e-03 8.132757623137336356e-02 -1.080570663044998995e-03 -1.687106813486801207e-02 4.413817025346149225e-02 1.835488661132096966e-01 -1.832790197717831526e-01 -6.923407262206019396e-04 -1.515529151336779531e-03 -8.684826709312290852e-03 -2.247694333980243368e-03 -1.024287698334523308e-02 -6.209643307540897250e-05 -5.395016665564995352e-03 6.885050313086341633e-01
3.666272891866484895e-04 1.277644638606832000e-03 -9.971705725138832205e-04 3.271175101573429219e-03 -5.236307515096796754e-03 -1.376889751523826741e-03 -5.333130079879376713e-03 -3.406420069949604550e-03 -4.359529835933783249e-04 -1.080570663044998995e-03 1.377819406073636050e-03 -3.083260859509998866e-04 -1.226435987093803942e-03 -5.231599353278978959e-03 5.494413166434100951e-03 -5.770738620609783699e-04 3.366094211322285656e-04 4.571450426516259391e-04 2.541320159782376256e-04 4.499244069688454343e-04 2.261253490431645505e-04 -1.108703123596397954e-04 -1.999659998213924872e-02
-3.776422442304078544e-03 1.000157529324981372e-02 -7.423748599849340317e-03 7.158222518283255398e-03 -2.779982134841426505e-02 -7.257515801407447321e-03 -2.342394726107183481e-02 -1.224682453214649691e-02 -2.542665199645136262e-05 -1.687106813486801207e-02 -3.083260859509998866e-04 8.174088034299453395e-03 -4.567109173259464687e-03 -2.066829172683373739e-02 2.070108866180441279e-02 1.287062004955572469e-03 -3.386051549103453085e-04 3.445843934415857815e-04 2.597393020583413804e-04 2.022667155408866893e-03 -2.563570301398617694e-04 1.031572031529053588e-03 -8.301144221745046514e-02
-1.068211685665963577e-03 -3.371566444144738495e-02 2.122743920247956162e-02 -6.777178558450931700e-02 1.347545304622886353e-01 3.902183299538001388e-02 1.349148792706849898e-01 7.782804375182438006e-02 1.916073559108642755e-03 4.413817025346149225e-02 -1.226435987093803942e-03 -4.567109173259464687e-03 3.291063599030989717e-02 1.318788427640924521e-01 -1.308527038390571440e-01 1.103667805676757530e-03 -1.694811528928069156e-03 -7.023795501930553756e-03 -1.492125868252787120e-03 -5.838247085873922090e-03 -3.463718315588424496e-04 -3.255559851033794968e-03 4.827595182123456397e-01
-4.207197213806688693e-03 -1.430201576469098401e-01 8.710409956693995759e-02 -2.854192500355529627e-01 5.681786933386993033e-01 1.641688567062067339e-01 5.686227051293493151e-01 3.282150573725219900e-01 8.401970380429689411e-03 1.835488661132096966e-01 -5.231599353278978959e-03 -2.066829172683373739e-02 1.318788427640924521e-01 5.571100746087268574e-01 -5.509816880257237814e-01 5.066293090076210738e-03 -7.019637405106002141e-03 -2.899668039150199092e-02 -6.388676023002679873e-03 -2.470830885459797399e-02 -1.523952170501313664e-03 -1.508288801769539292e-02 2.034361811562644728e+00
4.133585460357448726e-03 1.423349464231832562e-01 -8.781068929347335406e-02 2.831743487081511135e-01 -5.642154439136448651e-01 -1.626369975220588737e-01 -5.639107079918941334e-01 -3.259142318724568832e-01 -8.728472591935231006e-03 -1.832790197717831526e-01 5.494413166434100951e-03 2.070108866180441279e-02 -1.308527038390571440e-01 -5.509816880257237814e-01 5.478687146858202128e-01 -5.448702812086777744e-03 7.224627409993860001e-03 2.890771083689519516e-02 6.608790252234925458e-03 2.508764699537006926e-02 1.722378648098121063e-03 1.447026010506430316e-02 -2.019122367731041479e+00
-1.030688728975367140e-03 -6.242489179579022813e-04 3.901180439319082492e-04 -3.876981287780122479e-03 4.141667733931081626e-03 1.072643142973154010e-03 4.834498930560874458e-03 3.484538230170186428e-03 6.290014016048315476e-04 -6.923407262206019396e-04 -5.770738620609783699e-04 1.287062004955572469e-03 1.103667805676757530e-03 5.066293090076210738e-03 -5.448702812086777744e-03 2.101688106646036613e-03 -5.356729241017139367e-04 -5.792790429077312227e-04 -3.332225944023999020e-04 -4.220246865540468596e-04 -3.397700422172503470e-04 2.590318003790636515e-04 1.877776811275185323e-02
4.462488061861453483e-04 1.626807524340767716e-03 -1.135892972316108812e-03 4.172856961771640588e-03 -6.890033901939197208e-03 -1.910309389772394274e-03 -7.069064190067167637e-03 -4.403723946818993012e-03 -3.809916041663757944e-04 -1.515529151336779531e-03 3.366094211322285656e-04 -3.386051549103453085e-04 -1.694811528928069156e-03 -7.019637405106002141e-03 7.224627409993860001e-03 -5.356729241017139367e-04 1.359102202271851014e-03 5.473517151676121541e-04 2.463278860796900508e-04 4.802399922778279192e-04 2.036373224407052416e-04 -8.824185416974566056e-05 -2.615212232237804427e-02
6.757448984953257076e-04 7.063764663285022546e-03 -4.475153833255739524e-03 1.542193995666840158e-02 -2.913815306738393868e-02 -8.391373695793674994e-03 -2.947439991204891391e-02 -1.726160763701203513e-02 -6.011414792286385667e-04 -8.684826709312290852e-03 4.571450426516259391e-04 3.445843934415857815e-04 -7.023795501930553756e-03 -2.899668039150199092e-02 2.890771083689519516e-02 -5.792790429077312227e-04 5.473517151676121541e-04 2.729060176659960698e-03 4.348559436031567077e-04 1.341375497244837222e-03 2.181919255438264608e-04 5.515246879622887673e-04 -1.060825898737173395e-01
9.166388691759583675e-05 1.876739394801483487e-03 -1.392317686408080452e-03 3.491881845635741183e-03 -6.865032113633092598e-03 -1.822234351563671237e-03 -6.639898774796504713e-03 -4.036972381404974226e-03 -3.300302468236536750e-04 -2.247694333980243368e-03 2.541320159782376256e-04 2.597393020583413804e-04 -1.492125868252787120e-03 -6.388676023002679873e-03 6.608790252234925458e-03 -3.332225944023999020e-04 2.463278860796900508e-04 4.348559436031567077e-04 1.238607749441573763e-03 5.669627436223293598e-04 1.642925190258513149e-04 -3.065781367242673291e-05 -2.444430010111368901e-02
-3.699509547202278628e-04 7.520441617552523113e-03 -5.356887521079748207e-03 1.246126385461568398e-02 -2.700146901365486560e-02 -7.420605929925005312e-03 -2.584836146233938231e-02 -1.508804988026661055e-02 -6.702004239847464276e-04 -1.024287698334523308e-02 4.499244069688454343e-04 2.022667155408866893e-03 -5.838247085873922090e-03 -2.470830885459797399e-02 2.508764699537006926e-02 -4.220246865540468596e-04 4.802399922778279192e-04 1.341375497244837222e-03 5.669627436223293598e-04 2.846814935221284124e-03 2.439276281254396388e-04 2.983656315645073775e-04 -9.355884225075578042e-02
2.513308244212316615e-04 3.721595044455538494e-04 -3.359832631869511671e-04 1.118884871200662070e-03 -1.472454585671202718e-03 -3.325640014146020876e-04 -1.503356354460958161e-03 -1.113975301133582384e-03 -2.421678506475773076e-04 -6.209643307540897250e-05 2.261253490431645505e-04 -2.563570301398617694e-04 -3.463718315588424496e-04 -1.523952170501313664e-03 1.722378648098121063e-03 -3.397700422172503470e-04 2.036373224407052416e-04 2.181919255438264608e-04 1.642925190258513149e-04 2.439276281254396388e-04 1.169877141950729756e-03 -1.871060043381480935e-04 -6.051482234321255496e-03
-2.245498050678470441e-04 3.861834664588640383e-03 -2.252967946638359965e-03 8.023864889936931782e-03 -1.599199249483840637e-02 -4.283581622126856822e-03 -1.618962265194612629e-02 -8.848212941965050496e-03 -4.780742244549637202e-04 -5.395016665564995352e-03 -1.108703123596397954e-04 1.031572031529053588e-03 -3.255559851033794968e-03 -1.508288801769539292e-02 1.447026010506430316e-02 2.590318003790636515e-04 -8.824185416974566056e-05 5.515246879622887673e-04 -3.065781367242673291e-05 2.983656315645073775e-04 -1.871060043381480935e-04 3.199639775041169480e-03 -5.660301052296617258e-02
-1.074306026233152501e-02 -5.303726605496712487e-01 3.300446589559371535e-01 -1.043843507961403017e+00 2.091991095181989113e+00 6.012830310517810473e-01 2.086568576916326023e+00 1.204099402060604174e+00 3.323476167377269891e-02 6.885050313086341633e-01 -1.999659998213924872e-02 -8.301144221745046514e-02 4.827595182123456397e-01 2.034361811562644728e+00 -2.019122367731041479e+00 1.877776811275185323e-02 -2.615212232237804427e-02 -1.060825898737173395e-01 -2.444430010111368901e-02 -9.355884225075578042e-02 -6.051482234321255496e-03 -5.660301052296617258e-02 7.470547036302594535e+00
