   3.4660181154683727e+00   5.3978122791193725e-02   7.0195875280841480e-02   2.4530945809827048e-02  -2.7525261990272011e-04   3.9883501871153998e-01
   5.3978122791193725e-02   1.8697081481412817e-03   1.2999562169136657e-03   3.5240030854911155e-04  -9.9905805545790310e-06   5.9900816489867770e-03
   7.0195875280841480e-02   1.2999562169136657e-03   4.6013375033215039e-03   9.9521507278901121e-05  -7.1124301583538340e-05   6.8459798528261364e-03
   2.4530945809827048e-02   3.5240030854911155e-04   9.9521507278901121e-05   1.2763580461215521e-03   1.5356878519054145e-05   2.6184446433905346e-03
  -2.7525261990272011e-04  -9.9905805545790310e-06  -7.1124301583538340e-05   1.5356878519054145e-05   1.0046199212556859e-03  -1.4304321625669249e-04
   3.9883501871153998e-01   5.9900816489867770e-03   6.8459798528261364e-03   2.6184446433905346e-03  -1.4304321625669249e-04   5.0665775323386644e+00
