   2.5823770608277226e+01  -9.7015490509995722e-02   4.8189054971368807e-02   4.0708790587542232e-01   8.1546878986316407e-02   1.3858544762229907e+00   9.8444018028228178e-02   1.6629581738108840e-01  -7.6526573870666792e-01
  -9.7015490509995722e-02   4.3561779130950740e+00  -1.5170884550276893e-03   3.7736813347703763e-01  -3.7444458736636974e-02   1.2470129974474200e+00  -2.8742550308879528e-02   5.2701885319502879e-03   4.1407636128958036e-02
   4.8189054971368807e-02  -1.5170884550276893e-03   1.1465888568435070e-03   1.7574349080681732e-03   2.7924493267340780e-04   4.2238561539249923e-03   2.9286471968434423e-04  -1.1666748120502148e-03  -2.1462925253242682e-03
   4.0708790587542232e-01   3.7736813347703763e-01   1.7574349080681732e-03   6.3184207831248074e+00  -1.2599788346938598e-02  -1.9846741367314215e-02   5.1845675464131363e-03  -2.0757005656305085e-02  -6.5168747786357520e-02
   8.1546878986316407e-02  -3.7444458736636974e-02   2.7924493267340780e-04  -1.2599788346938598e-02   2.2240545840202792e-03   7.0797342675619273e-03   5.5580039168609801e-04  -1.9363902392657943e-03  -3.3907975623853003e-03
   1.3858544762229907e+00   1.2470129974474200e+00   4.2238561539249923e-03  -1.9846741367314215e-02   7.0797342675619273e-03   8.1574529000230704e+00   2.7395806372251604e-03  -3.4593149158244817e-02  -2.1876679577078055e-02
   9.8444018028228178e-02  -2.8742550308879528e-02   2.9286471968434423e-04   5.1845675464131363e-03   5.5580039168609801e-04   2.7395806372251604e-03   1.9738960357233719e-03  -2.2680218724236401e-03  -5.1027138020765883e-03
   1.6629581738108840e-01   5.2701885319502879e-03  -1.1666748120502148e-03  -2.0757005656305085e-02  -1.9363902392657943e-03  -3.4593149158244817e-02  -2.2680218724236401e-03   5.0119205156362270e-02   1.4512041934773944e-02
  -7.6526573870666792e-01   4.1407636128958036e-02  -2.1462925253242682e-03  -6.5168747786357520e-02  -3.3907975623853003e-03  -2.1876679577078055e-02  -5.1027138020765883e-03   1.4512041934773944e-02   1.0777004143097606e+00
