   2.4590970879361322e+01   5.8238306071325295e-03  -3.4344783884029356e-03   1.6516438478173234e-01   1.0849992068329668e+00   2.7614474113661602e-01
   5.8238306071325295e-03   1.0291971739642767e-03   2.2176108992748650e-05  -3.6550609748761030e-04  -3.5580856884199840e-04   1.2381227338451504e-03
  -3.4344783884029356e-03   2.2176108992748650e-05   1.0366758093180962e-03  -6.7977288082308595e-04  -5.6816414794266790e-04   8.1060869967065137e-04
   1.6516438478173234e-01  -3.6550609748761030e-04  -6.7977288082308595e-04   1.5732476353624413e-02   1.4803949512056649e-02  -1.7565840772599196e-02
   1.0849992068329668e+00  -3.5580856884199840e-04  -5.6816414794266790e-04   1.4803949512056649e-02   6.7099444079378054e-02  -1.8776226983907802e-02
   2.7614474113661602e-01   1.2381227338451504e-03   8.1060869967065137e-04  -1.7565840772599196e-02  -1.8776226983907802e-02   7.9177309627964010e-01
