   1.6642035455101752e+01   9.9076880168598794e-02   2.2703020228243326e-01   7.0291859469078954e-02  -2.5485945292452591e-03  -2.2434505796397458e-01
   9.9076880168598794e-02   1.6687980151199565e-03   2.1433286942951798e-03   1.8245117580809159e-04  -1.0182608202525605e-04  -1.2343549752846900e-03
   2.2703020228243326e-01   2.1433286942951798e-03   2.0083923951577935e-02  -2.1904807108286111e-03  -8.1201848982305925e-04  -2.3562003155384779e-03
   7.0291859469078954e-02   1.8245117580809159e-04  -2.1904807108286111e-03   2.3624080052273197e-03   3.2272371810372803e-04  -1.7214456061859496e-03
  -2.5485945292452591e-03  -1.0182608202525605e-04  -8.1201848982305925e-04   3.2272371810372803e-04   1.1453760495378443e-03  -2.6013345282847991e-04
  -2.2434505796397458e-01  -1.2343549752846900e-03  -2.3562003155384779e-03  -1.7214456061859496e-03  -2.6013345282847991e-04   5.4669174496228368e-01
