   2.9749325662837990e+01   2.1406504505163687e-01   1.1659408798576480e+00   2.0763945798567601e-01   1.0552874606346917e-01  -3.5460521635175890e-01
   2.1406504505163687e-01   2.7072477486110020e-03   1.7309327242938748e-02   1.5257401940436811e-03   4.4352579793226524e-04  -1.7012281968134882e-03
   1.1659408798576480e+00   1.7309327242938748e-02   7.1638075487232475e+00   1.0889472034367633e-04  -9.4945079331831203e-03   1.1735007484720808e-01
   2.0763945798567601e-01   1.5257401940436811e-03   1.0889472034367633e-04   2.5149409901852123e-03   6.8629804693081796e-04  -2.5724706731376154e-03
   1.0552874606346917e-01   4.4352579793226524e-04  -9.4945079331831203e-03   6.8629804693081796e-04   2.6206988093354952e-03  -5.5998215213698540e-03
  -3.5460521635175890e-01  -1.7012281968134882e-03   1.1735007484720808e-01  -2.5724706731376154e-03  -5.5998215213698540e-03   7.5678066029162416e-01
