   3.8972119731713779e-03   6.0995301398853688e-04   1.2692237736473266e-03  -1.2028813966389940e-03   1.6081273497814234e-03  -1.1895229673610874e-03  -3.6518423533927693e-04  -1.6706189406273818e-03   1.8595683747748786e-04  -2.5054406847312229e-03   7.0009400669977285e-05   8.5673664273092829e-06   1.5147419037296047e-04  -5.8946227885796796e-05   5.8038499368499364e-04  -1.4642431672052593e-06   2.5598437456938114e-03  -3.0687670447700514e-03   5.1961212571781486e-05  -9.4704475784401314e-06   6.0714877043402206e-06  -1.2300299184086860e-05  -1.4203570779331741e-03
   6.0995301398853688e-04   9.7435433914813355e-03  -2.0986170766279753e-03  -4.9207302537411090e-04   1.9967552137809954e-02  -9.4200469239729846e-03   3.9064521446192119e-03  -5.9502034101127452e-03  -2.3395207009345781e-03  -3.0949895828541510e-03   2.4572667209476818e-03  -2.5963076182637725e-05   7.2374197338606551e-04   6.0829629422050175e-05   1.0971508981516139e-03   4.6898127257954307e-05  -2.9572355452637508e-04  -2.6276059162834045e-03  -1.4777688483088057e-04  -4.3618381225620206e-05   1.0613345162040334e-05  -4.6615646420726195e-04   5.1360377349447348e-03
   1.2692237736473266e-03  -2.0986170766279753e-03   1.0919303056361657e-02  -4.3997153938272349e-03  -2.6945071804619546e-02   7.3060981592883208e-03  -4.0136869237210162e-03   3.6611734777423220e-03   4.2133809192313815e-04  -2.5838735406399347e-03  -3.0249782555297903e-03   9.2699096394234139e-06   3.2171905693857796e-05  -4.8628155891089414e-05   5.4432374918405170e-04   7.2261579834476513e-05   7.5510501975969754e-03  -2.0039770779819218e-04  -2.6629759080536554e-04  -2.5657801071937199e-04   3.1770605393219519e-06   5.5714689436492937e-05  -1.4902672648655728e-03
  -1.2028813966389940e-03  -4.9207302537411090e-04  -4.3997153938272349e-03   5.6061462912656212e-03   9.4820655251954128e-03  -2.0004107545398830e-03   6.6730501480784341e-04  -5.4176711049527359e-04  -4.4088670859929191e-04   3.1002178681026680e-03   1.2071568936516833e-03  -3.0989434730651987e-05  -2.5435150928018046e-04   1.1893719927342180e-04  -1.0318277833211468e-03  -6.9852970545679910e-05  -3.7481150860843959e-03   1.8411431800312978e-03   1.1298401608635778e-04   2.3845118082115607e-04  -1.4812768159329712e-05  -2.7466767522976179e-05   1.1942492060508592e-03
   1.6081273497814234e-03   1.9967552137809954e-02  -2.6945071804619546e-02   9.4820655251954128e-03   1.3147815561629236e-01  -4.8213521826759267e-02   1.9021623501789223e-02  -3.0876135580829286e-02  -1.3729282069000830e-02   1.4968614621695968e-03   1.3272402163717625e-02  -1.8230215258104805e-04   1.3767900747409250e-03   1.4588228641269877e-03  -9.8310964904230560e-04  -2.0010992472366393e-04  -1.5876006077575604e-02  -1.5687933891457798e-02   4.5312772963191359e-04   8.4844917639532156e-04  -2.7281697022410308e-05  -8.3132508203172055e-04   1.1642849576713412e-02
  -1.1895229673610874e-03  -9.4200469239729846e-03   7.3060981592883208e-03  -2.0004107545398830e-03  -4.8213521826759267e-02   2.2208727543867976e-02  -7.7297021142751603e-03   1.3770388564931594e-02   6.5917540990962607e-03   6.3246784361573874e-04  -5.0353817245635344e-03   7.0041403201512463e-05  -6.5049384640060708e-04  -6.9864099166562174e-04   3.8679108617707951e-04   7.1399163661232121e-05   2.5653393568886799e-03   7.7825790825640454e-03  -1.5654910407726262e-04  -4.5442287018499758e-04   8.2075255070209836e-06   4.2008538846686133e-04  -6.1263958362905539e-03
  -3.6518423533927693e-04   3.9064521446192119e-03  -4.0136869237210162e-03   6.6730501480784341e-04   1.9021623501789223e-02  -7.7297021142751603e-03   7.6224079514644752e-03  -5.3333178119220571e-03  -9.9869103707646181e-04  -7.3861660338080310e-04   1.5585440064252826e-03   7.9650364459835709e-05   1.3183433287760788e-04   3.5355508045269939e-05   4.0984706655928897e-04   2.2085059514231989e-05  -2.0691848682616010e-03  -9.1982952420686123e-04   3.9495780529328366e-05   1.7349661887050951e-04   2.7751651126643277e-05  -2.6569786913591820e-04   4.5984667836318225e-03
  -1.6706189406273818e-03  -5.9502034101127452e-03   3.6611734777423220e-03  -5.4176711049527359e-04  -3.0876135580829286e-02   1.3770388564931594e-02  -5.3333178119220571e-03   1.1347053444158388e-02   4.0383498217071755e-03   2.0625081639360945e-03  -2.8879379240662165e-03  -2.0112480243203128e-06  -4.4487695604083263e-04  -4.3674779728734142e-04  -5.6262273346208201e-05   2.2152133704269896e-05   1.5824566142307766e-04   6.2788840066198906e-03  -1.3571143395953929e-04  -1.8636846614952088e-04  -9.6256203270034012e-06   2.6101247904875441e-04  -3.7107348916202041e-03
   1.8595683747748786e-04  -2.3395207009345781e-03   4.2133809192313815e-04  -4.4088670859929191e-04  -1.3729282069000830e-02   6.5917540990962607e-03  -9.9869103707646181e-04   4.0383498217071755e-03   6.2252752584086093e-03  -1.6871231390346143e-03  -1.1409769583889456e-03   9.5149181553321483e-05  -2.8070870112750996e-04  -6.7872555882582581e-04   9.1731058491636205e-04   1.3279968877323674e-07   4.0861262673302001e-04   2.9428756380108089e-03   2.4202716462994690e-04  -1.3189245915603968e-05   2.3442304786730553e-05   1.3592816630195414e-04  -1.4773098005920404e-03
  -2.5054406847312229e-03  -3.0949895828541510e-03  -2.5838735406399347e-03   3.1002178681026680e-03   1.4968614621695968e-03   6.3246784361573874e-04  -7.3861660338080310e-04   2.0625081639360945e-03  -1.6871231390346143e-03   7.1293939198699254e-03   2.6484379602606707e-04  -6.6956083789251403e-05  -3.9797650623952125e-04   3.6582585103720112e-04  -1.8954449567631707e-03  -6.2620450268552187e-05  -3.8160921027185872e-03   2.8144757126824633e-03   2.3336442876070391e-06   1.7825171164010078e-04  -3.1271166242082436e-05   2.0031680488613428e-04  -1.0804837856315776e-04
   7.0009400669977285e-05   2.4572667209476818e-03  -3.0249782555297903e-03   1.2071568936516833e-03   1.3272402163717625e-02  -5.0353817245635344e-03   1.5585440064252826e-03  -2.8879379240662165e-03  -1.1409769583889456e-03   2.6484379602606707e-04   3.1878035867659174e-03  -4.0630383057498721e-05   1.9108447944792304e-04   1.0691102617117674e-04  -1.9196064383066616e-04  -5.4037482785809429e-05  -1.8272400756458790e-03  -1.3333426008933572e-03   2.0270652129505449e-04   2.8362089788885582e-04  -5.9828037709395624e-06  -1.4479412951658632e-04   1.4803610576316743e-03
   8.5673664273092829e-06  -2.5963076182637725e-05   9.2699096394234139e-06  -3.0989434730651987e-05  -1.8230215258104805e-04   7.0041403201512463e-05   7.9650364459835709e-05  -2.0112480243203128e-06   9.5149181553321483e-05  -6.6956083789251403e-05  -4.0630383057498721e-05   1.0350189654271603e-03  -1.8469531399501834e-05   4.5880509804061250e-06   4.6222872126214954e-05   1.7288655238736161e-05   3.3501417377458465e-05   4.4221822926469314e-05   6.3875216007179001e-06  -6.8707036849968946e-06   1.0300724558841563e-05  -4.4468920398610109e-06   6.5074512758341518e-05
   1.5147419037296047e-04   7.2374197338606551e-04   3.2171905693857796e-05  -2.5435150928018046e-04   1.3767900747409250e-03  -6.5049384640060708e-04   1.3183433287760788e-04  -4.4487695604083263e-04  -2.8070870112750996e-04  -3.9797650623952125e-04   1.9108447944792304e-04  -1.8469531399501834e-05   1.2082285316215885e-03  -1.9638339803214644e-06   1.5885845506899275e-04   1.8921500077945701e-05   1.2904146731965429e-04  -4.3916721250231248e-04  -1.8419295882508735e-05  -3.1765925528056360e-05   1.8380638992789316e-06  -7.4039936576351088e-05   1.4731951088032999e-04
  -5.8946227885796796e-05   6.0829629422050175e-05  -4.8628155891089414e-05   1.1893719927342180e-04   1.4588228641269877e-03  -6.9864099166562174e-04   3.5355508045269939e-05  -4.3674779728734142e-04  -6.7872555882582581e-04   3.6582585103720112e-04   1.0691102617117674e-04   4.5880509804061250e-06  -1.9638339803214644e-06   1.1193980036225044e-03  -2.0246106147386772e-04   1.2771695326684255e-06  -8.3718145687534302e-05  -3.2544807021323458e-04  -1.3931902423515676e-05   1.7190580145271591e-05   1.3276020301358950e-06   5.1610279424688642e-06   9.2685344031284863e-05
   5.8038499368499364e-04   1.0971508981516139e-03   5.4432374918405170e-04  -1.0318277833211468e-03  -9.8310964904230560e-04   3.8679108617707951e-04   4.0984706655928897e-04  -5.6262273346208201e-05   9.1731058491636205e-04  -1.8954449567631707e-03  -1.9196064383066616e-04   4.6222872126214954e-05   1.5885845506899275e-04  -2.0246106147386772e-04   2.1946932550371227e-03   2.7865054359141044e-05   6.7478618228333483e-04  -4.3272728436521388e-04  -1.2805891834992549e-05  -7.3000504768785661e-05   1.8801631862198836e-05  -1.1679899848462373e-04   1.9451152091068993e-04
  -1.4642431672052593e-06   4.6898127257954307e-05   7.2261579834476513e-05  -6.9852970545679910e-05  -2.0010992472366393e-04   7.1399163661232121e-05   2.2085059514231989e-05   2.2152133704269896e-05   1.3279968877323674e-07  -6.2620450268552187e-05  -5.4037482785809429e-05   1.7288655238736161e-05   1.8921500077945701e-05   1.2771695326684255e-06   2.7865054359141044e-05   1.0266895697776156e-03   4.6845096605169254e-05   4.2628456334391035e-06  -5.1326802695467653e-05  -5.3646083564517218e-05   5.2921307952667693e-06  -1.3022416103071419e-05   3.0896784094585501e-05
   2.5598437456938114e-03  -2.9572355452637508e-04   7.5510501975969754e-03  -3.7481150860843959e-03  -1.5876006077575604e-02   2.5653393568886799e-03  -2.0691848682616010e-03   1.5824566142307766e-04   4.0861262673302001e-04  -3.8160921027185872e-03  -1.8272400756458790e-03   3.3501417377458465e-05   1.2904146731965429e-04  -8.3718145687534302e-05   6.7478618228333483e-04   4.6845096605169254e-05   8.8956199448342651e-03  -2.4198699508939793e-03  -5.8216796313283860e-05  -6.8575077169090684e-05   1.3742154491245233e-05  -7.2549503619786431e-05  -8.7739780521272042e-04
  -3.0687670447700514e-03  -2.6276059162834045e-03  -2.0039770779819218e-04   1.8411431800312978e-03  -1.5687933891457798e-02   7.7825790825640454e-03  -9.1982952420686123e-04   6.2788840066198906e-03   2.9428756380108089e-03   2.8144757126824633e-03  -1.3333426008933572e-03   4.4221822926469314e-05  -4.3916721250231248e-04  -3.2544807021323458e-04  -4.3272728436521388e-04   4.2628456334391035e-06  -2.4198699508939793e-03   8.8068531127627695e-03   3.5834453058559503e-05   3.5899645992242781e-05   5.8072906013356999e-06   6.7804813347887728e-05   1.1619426264986657e-03
   5.1961212571781486e-05  -1.4777688483088057e-04  -2.6629759080536554e-04   1.1298401608635778e-04   4.5312772963191359e-04  -1.5654910407726262e-04   3.9495780529328366e-05  -1.3571143395953929e-04   2.4202716462994690e-04   2.3336442876070391e-06   2.0270652129505449e-04   6.3875216007179001e-06  -1.8419295882508735e-05  -1.3931902423515676e-05  -1.2805891834992549e-05  -5.1326802695467653e-05  -5.8216796313283860e-05   3.5834453058559503e-05   1.3076168929567861e-03   1.8210536987136572e-04   2.2966619458238550e-06   1.7338300014026005e-05  -1.7038653190272922e-05
  -9.4704475784401314e-06  -4.3618381225620206e-05  -2.5657801071937199e-04   2.3845118082115607e-04   8.4844917639532156e-04  -4.5442287018499758e-04   1.7349661887050951e-04  -1.8636846614952088e-04  -1.3189245915603968e-05   1.7825171164010078e-04   2.8362089788885582e-04  -6.8707036849968946e-06  -3.1765925528056360e-05   1.7190580145271591e-05  -7.3000504768785661e-05  -5.3646083564517218e-05  -6.8575077169090684e-05   3.5899645992242781e-05   1.8210536987136572e-04   1.3906359853727282e-03  -1.7477814577721582e-06  -6.7066631825287359e-06   1.8281572965438199e-04
   6.0714877043402206e-06   1.0613345162040334e-05   3.1770605393219519e-06  -1.4812768159329712e-05  -2.7281697022410308e-05   8.2075255070209836e-06   2.7751651126643277e-05  -9.6256203270034012e-06   2.3442304786730553e-05  -3.1271166242082436e-05  -5.9828037709395624e-06   1.0300724558841563e-05   1.8380638992789316e-06   1.3276020301358950e-06   1.8801631862198836e-05   5.2921307952667693e-06   1.3742154491245233e-05   5.8072906013356999e-06   2.2966619458238550e-06  -1.7477814577721582e-06   1.0036703042034293e-03  -7.1778600910078695e-06   2.3175208028616872e-05
  -1.2300299184086860e-05  -4.6615646420726195e-04   5.5714689436492937e-05  -2.7466767522976179e-05  -8.3132508203172055e-04   4.2008538846686133e-04  -2.6569786913591820e-04   2.6101247904875441e-04   1.3592816630195414e-04   2.0031680488613428e-04  -1.4479412951658632e-04  -4.4468920398610109e-06  -7.4039936576351088e-05   5.1610279424688642e-06  -1.1679899848462373e-04  -1.3022416103071419e-05  -7.2549503619786431e-05   6.7804813347887728e-05   1.7338300014026005e-05  -6.7066631825287359e-06  -7.1778600910078695e-06   1.2509656400136009e-03  -3.3677722007625444e-04
  -1.4203570779331741e-03   5.1360377349447348e-03  -1.4902672648655728e-03   1.1942492060508592e-03   1.1642849576713412e-02  -6.1263958362905539e-03   4.5984667836318225e-03  -3.7107348916202041e-03  -1.4773098005920404e-03  -1.0804837856315776e-04   1.4803610576316743e-03   6.5074512758341518e-05   1.4731951088032999e-04   9.2685344031284863e-05   1.9451152091068993e-04   3.0896784094585501e-05  -8.7739780521272042e-04   1.1619426264986657e-03  -1.7038653190272922e-05   1.8281572965438199e-04   2.3175208028616872e-05  -3.3677722007625444e-04   8.7469270451119296e-03
