   5.2086973896611477e-01  -8.9346536571935087e-01   8.5638214494034648e-01   3.5597213330157884e-01  -2.9591937496426557e-01   2.1086664949456959e+00  -2.6769499882072867e-01   1.9032155322914185e-01  -7.0628577636952794e-02   7.8173782051227048e-02  -1.1460960175864543e-02  -1.3406142490594773e-02   8.8463990622745185e-03  -1.0388093122492732e-02   4.3726527265189330e-03   5.8738971702591561e-03  -6.4041042352501600e+00   2.6405785763991592e+00  -7.5959742621247453e-02   2.9887275787886611e-03  -2.1446926561823967e-03   4.7096172440943343e-02  -2.1342707313580625e-01
  -8.9346536571935087e-01   1.8938821148987717e+00  -1.3560205638816514e+00  -7.9822227448241934e-01   1.2122566476317909e+00  -3.6896826663993392e+00   4.1897336849020150e-01  -3.9782699497789531e-01   1.6329848459898944e-01  -1.5866611903024203e-01   1.3409455579118578e-02   2.3180195329250346e-02  -1.6777984904817307e-02   1.1851390246241515e-02  -7.7277271454253994e-03   8.5245197678923100e-03   1.3066678390157300e+01  -5.8377066176444483e+00   1.5853976364317160e-01  -9.4921830958483409e-03   3.2865631618697283e-03  -7.4537303635935540e-02   6.0445959060999588e-01
   8.5638214494034648e-01  -1.3560205638816514e+00   1.4632644706644702e+00   5.3072188951254162e-01  -2.5698714517444254e-01   3.4828223504338167e+00  -4.6520560690045720e-01   2.9662217686877368e-01  -9.9307602700593522e-02   1.1568235132666169e-01  -9.5499204436700381e-03  -2.4455152246489278e-02   1.3794787435707541e-02  -2.0317129468265367e-02   6.6270637294405165e-03   1.6397826796991394e-02  -9.9039208845638491e+00   3.9107308234600473e+00  -1.1370578035620905e-01   5.3880687381968667e-03  -4.0731179302289210e-03   7.6488126497182035e-02  -2.5022126416355256e-01
   3.5597213330157884e-01  -7.9822227448241934e-01   5.3072188951254162e-01   3.4521359054477757e-01  -5.7137072758589802e-01   1.4896371602503000e+00  -1.6556490156155229e-01   1.6970662750312929e-01  -6.8604583810275052e-02   6.4562641140631760e-02   9.0948526859989604e-04  -9.7758034175165574e-03   6.7788682571577556e-03  -4.2531082565281479e-03   2.9320404082043639e-03  -5.2783324874094836e-03  -5.4745842179867203e+00   2.4831106324268988e+00  -6.5330322070165897e-02   5.4348874412259692e-03  -1.3545648685600238e-03   2.8504212572621736e-02  -2.6096939991783941e-01
  -2.9591937496426557e-01   1.2122566476317909e+00  -2.5698714517444254e-01  -5.7137072758589802e-01   1.5667711471164152e+00  -1.3238450073598855e+00   7.0498857453389477e-02  -2.5017411645721216e-01   1.1906621333722009e-01  -9.5200871023787006e-02  -1.0451805229634807e-02   7.8895308702738379e-03  -8.0195014480718002e-03  -6.0897450531115808e-03  -2.7149313327184395e-03   3.3219397092031741e-02   7.7041551333553873e+00  -4.0614024848484531e+00   9.6441082963125174e-02  -1.2072988596382853e-02   4.1616639269070058e-04  -1.3219139464412548e-02   5.8625808462428108e-01
   2.1086664949456959e+00  -3.6896826663993392e+00   3.4828223504338167e+00   1.4896371602503000e+00  -1.3238450073598855e+00   8.6371654115677412e+00  -1.1035512435411310e+00   7.9868281844968891e-01  -2.8892702926120223e-01   3.0830283525670105e-01  -1.9438738033950187e-02  -5.9538436631303003e-02   3.5591243905123977e-02  -4.3772895171884263e-02   1.6702033899282185e-02   2.1840253971671018e-02  -2.6409751698616518e+01   1.0913022593632844e+01  -3.0847060562081036e-01   1.6169069193868457e-02  -9.5040825536117333e-03   1.8351833950744531e-01  -8.5369150207980771e-01
  -2.6769499882072867e-01   4.1897336849020150e-01  -4.6520560690045720e-01  -1.6556490156155229e-01   7.0498857453389477e-02  -1.1035512435411310e+00   1.5515523732947503e-01  -9.6249761621002336e-02   2.9604171964584008e-02  -3.2384608280010385e-02  -3.7918598158701560e-03   9.2644835819598176e-03  -4.1158785921578929e-03   7.2539221613966004e-03  -1.7336409401154311e-03  -5.6214711260165664e-03   3.0769452975623777e+00  -1.1924431836241776e+00   3.3732985380281431e-02  -2.3865065347972911e-03   1.5534598311933330e-03  -2.1753852638359012e-02   5.8929550362818731e-02
   1.9032155322914185e-01  -3.9782699497789531e-01   2.9662217686877368e-01   1.6970662750312929e-01  -2.5017411645721216e-01   7.9868281844968891e-01  -9.6249761621002336e-02   9.0027968096006258e-02  -3.1461578928036624e-02   3.0887122947087224e-02   4.6701640445709017e-03  -6.9545590597772568e-03   3.3312793290654935e-03  -3.5849790304021676e-03   1.2062818309089690e-03  -1.3539330817380043e-03  -2.7595386446071943e+00   1.2104744755211863e+00  -3.1413680664240488e-02   3.0216668376931853e-03  -1.0334375551298567e-03   1.2442545836096681e-02  -1.0877492532977176e-01
  -7.0628577636952794e-02   1.6329848459898944e-01  -9.9307602700593522e-02  -6.8604583810275052e-02   1.1906621333722009e-01  -2.8892702926120223e-01   2.9604171964584008e-02  -3.1461578928036624e-02   2.0048284254752781e-02  -1.3048507040539973e-02   5.9130630571143077e-03   8.8078198955822797e-04  -1.5303025496998125e-03   3.0090417656163999e-04  -8.8983144124189653e-04   1.7178504032593718e-03   1.1093625913395369e+00  -5.1986910288454669e-01   1.5373005005584202e-02   8.1009318777240224e-04   9.3944826840310325e-05  -7.6654020084666362e-03   6.5042291307532626e-02
   7.8173782051227048e-02  -1.5866611903024203e-01   1.1568235132666169e-01   6.4562641140631760e-02  -9.5200871023787006e-02   3.0830283525670105e-01  -3.2384608280010385e-02   3.0887122947087224e-02  -1.3048507040539973e-02   1.8286553599440453e-02  -4.9690765219676230e-03  -6.4049147482084234e-04   1.5419022789547588e-03  -3.9331673021680526e-04   8.8897590956372985e-04  -4.3760805055004758e-04  -1.0959119736971981e+00   4.9299160251179236e-01  -1.3797423190638088e-02   1.0683629700727045e-03  -6.1098565705976424e-05   8.4933909510783324e-03  -5.8714123855830407e-02
  -1.1460960175864543e-02   1.3409455579118578e-02  -9.5499204436700381e-03   9.0948526859989604e-04  -1.0451805229634807e-02  -1.9438738033950187e-02  -3.7918598158701560e-03   4.6701640445709017e-03   5.9130630571143077e-03  -4.9690765219676230e-03   1.6162348839482379e-02  -1.8826834753083656e-03  -4.8964803795511396e-04  -7.3339984749023102e-04  -6.5972316967039088e-04   3.3856655739939140e-04   8.6935692500432704e-02  -5.6113262971333601e-02   4.4861626379552946e-03   2.5678338038377987e-03  -3.0554697919032845e-04  -4.5473373594575499e-03   2.8067851995531405e-02
  -1.3406142490594773e-02   2.3180195329250346e-02  -2.4455152246489278e-02  -9.7758034175165574e-03   7.8895308702738379e-03  -5.9538436631303003e-02   9.2644835819598176e-03  -6.9545590597772568e-03   8.8078198955822797e-04  -6.4049147482084234e-04  -1.8826834753083656e-03   2.8666508318433356e-03  -1.0205021368149943e-04   9.9722642551431468e-04   1.6308791672101121e-04  -2.4101249493264878e-06   1.6572012357174176e-01  -6.1747522355038040e-02   1.2769270420077137e-03  -1.7267969737970329e-04   3.0590437199858685e-04   1.2258687180324401e-03  -5.6221909747687562e-04
   8.8463990622745185e-03  -1.6777984904817307e-02   1.3794787435707541e-02   6.7788682571577556e-03  -8.0195014480718002e-03   3.5591243905123977e-02  -4.1158785921578929e-03   3.3312793290654935e-03  -1.5303025496998125e-03   1.5419022789547588e-03  -4.8964803795511396e-04  -1.0205021368149943e-04   1.1978710159439429e-03  -8.6520278629605694e-05   1.1352637793046226e-04   3.2255929511536895e-05  -1.1785307838900437e-01   5.1316637629837132e-02  -1.5182280086957207e-03   2.3931901284169894e-05  -1.0879972000096354e-05   9.7669570637174958e-04  -5.3867822330947879e-03
  -1.0388093122492732e-02   1.1851390246241515e-02  -2.0317129468265367e-02  -4.2531082565281479e-03  -6.0897450531115808e-03  -4.3772895171884263e-02   7.2539221613966004e-03  -3.5849790304021676e-03   3.0090417656163999e-04  -3.9331673021680526e-04  -7.3339984749023102e-04   9.9722642551431468e-04  -8.6520278629605694e-05   1.6810082255582907e-03   4.0884717753030652e-05  -3.9931251632707325e-04   9.3412525681733610e-02  -2.7620527517946230e-02   7.4039143469182753e-04   1.0762057922622258e-05   1.7199367583914919e-04   8.7246579177509498e-05  -2.7943893268758597e-03
   4.3726527265189330e-03  -7.7277271454253994e-03   6.6270637294405165e-03   2.9320404082043639e-03  -2.7149313327184395e-03   1.6702033899282185e-02  -1.7336409401154311e-03   1.2062818309089690e-03  -8.8983144124189653e-04   8.8897590956372985e-04  -6.5972316967039088e-04   1.6308791672101121e-04   1.1352637793046226e-04   4.0884717753030652e-05   1.1025877016662003e-03   7.5648318795217904e-05  -5.4820444773934995e-02   2.4306243230154987e-02  -8.5085672928363444e-04  -5.7513716708620061e-05   2.8028886692404620e-05   8.4570940089832207e-04  -3.2666777946616489e-03
   5.8738971702591561e-03   8.5245197678923100e-03   1.6397826796991394e-02  -5.2783324874094836e-03   3.3219397092031741e-02   2.1840253971671018e-02  -5.6214711260165664e-03  -1.3539330817380043e-03   1.7178504032593718e-03  -4.3760805055004758e-04   3.3856655739939140e-04  -2.4101249493264878e-06   3.2255929511536895e-05  -3.9931251632707325e-04   7.5648318795217904e-05   2.3235827929857528e-03   3.2753344655962059e-02  -3.7927870083971006e-02   7.7027077996136176e-04   9.6765705254892978e-05  -2.4003459779878907e-05   1.2427383088498346e-03   1.0906310975913689e-02
  -6.4041042352501600e+00   1.3066678390157300e+01  -9.9039208845638491e+00  -5.4745842179867203e+00   7.7041551333553873e+00  -2.6409751698616518e+01   3.0769452975623777e+00  -2.7595386446071943e+00   1.1093625913395369e+00  -1.0959119736971981e+00   8.6935692500432704e-02   1.6572012357174176e-01  -1.1785307838900437e-01   9.3412525681733610e-02  -5.4820444773934995e-02   3.2753344655962059e-02   9.0871946646705112e+01  -4.0038191678375171e+01   1.0929572962165239e+00  -6.7041187511608660e-02   2.4152196703385375e-02  -5.4732780672149017e-01   3.9728242130615130e+00
   2.6405785763991592e+00  -5.8377066176444483e+00   3.9107308234600473e+00   2.4831106324268988e+00  -4.0614024848484531e+00   1.0913022593632844e+01  -1.1924431836241776e+00   1.2104744755211863e+00  -5.1986910288454669e-01   4.9299160251179236e-01  -5.6113262971333601e-02  -6.1747522355038040e-02   5.1316637629837132e-02  -2.7620527517946230e-02   2.4306243230154987e-02  -3.7927870083971006e-02  -4.0038191678375171e+01   1.8202468034732149e+01  -4.9202849385287006e-01   2.9199149019578284e-02  -8.3422116287616109e-03   2.2834743349391123e-01  -1.9985602552394901e+00
  -7.5959742621247453e-02   1.5853976364317160e-01  -1.1370578035620905e-01  -6.5330322070165897e-02   9.6441082963125174e-02  -3.0847060562081036e-01   3.3732985380281431e-02  -3.1413680664240488e-02   1.5373005005584202e-02  -1.3797423190638088e-02   4.4861626379552946e-03   1.2769270420077137e-03  -1.5182280086957207e-03   7.4039143469182753e-04  -8.5085672928363444e-04   7.7027077996136176e-04   1.0929572962165239e+00  -4.9202849385287006e-01   1.5518295582052442e-02   1.5845117209518860e-04   1.6752047138142713e-04  -7.5513049445798128e-03   5.5588590650579341e-02
   2.9887275787886611e-03  -9.4921830958483409e-03   5.3880687381968667e-03   5.4348874412259692e-03  -1.2072988596382853e-02   1.6169069193868457e-02  -2.3865065347972911e-03   3.0216668376931853e-03   8.1009318777240224e-04   1.0683629700727045e-03   2.5678338038377987e-03  -1.7267969737970329e-04   2.3931901284169894e-05   1.0762057922622258e-05  -5.7513716708620061e-05   9.6765705254892978e-05  -6.7041187511608660e-02   2.9199149019578284e-02   1.5845117209518860e-04   2.3376914275447303e-03  -2.4558267134609522e-05   7.4012482210362036e-05  -7.5224878140333544e-04
  -2.1446926561823967e-03   3.2865631618697283e-03  -4.0731179302289210e-03  -1.3545648685600238e-03   4.1616639269070058e-04  -9.5040825536117333e-03   1.5534598311933330e-03  -1.0334375551298567e-03   9.3944826840310325e-05  -6.1098565705976424e-05  -3.0554697919032845e-04   3.0590437199858685e-04  -1.0879972000096354e-05   1.7199367583914919e-04   2.8028886692404620e-05  -2.4003459779878907e-05   2.4152196703385375e-02  -8.3422116287616109e-03   1.6752047138142713e-04  -2.4558267134609522e-05   1.0515392298030637e-03   1.8522351845014768e-04  -3.9945700349223426e-04
   4.7096172440943343e-02  -7.4537303635935540e-02   7.6488126497182035e-02   2.8504212572621736e-02  -1.3219139464412548e-02   1.8351833950744531e-01  -2.1753852638359012e-02   1.2442545836096681e-02  -7.6654020084666362e-03   8.4933909510783324e-03  -4.5473373594575499e-03   1.2258687180324401e-03   9.7669570637174958e-04   8.7246579177509498e-05   8.4570940089832207e-04   1.2427383088498346e-03  -5.4732780672149017e-01   2.2834743349391123e-01  -7.5513049445798128e-03   7.4012482210362036e-05   1.8522351845014768e-04   1.0153278067818166e-02  -2.4879769497973596e-02
  -2.1342707313580625e-01   6.0445959060999588e-01  -2.5022126416355256e-01  -2.6096939991783941e-01   5.8625808462428108e-01  -8.5369150207980771e-01   5.8929550362818731e-02  -1.0877492532977176e-01   6.5042291307532626e-02  -5.8714123855830407e-02   2.8067851995531405e-02  -5.6221909747687562e-04  -5.3867822330947879e-03  -2.7943893268758597e-03  -3.2666777946616489e-03   1.0906310975913689e-02   3.9728242130615130e+00  -1.9985602552394901e+00   5.5588590650579341e-02  -7.5224878140333544e-04  -3.9945700349223426e-04  -2.4879769497973596e-02   3.0628265686377254e-01
