   5.0881254095356310e+00   6.3999180942878442e-01   4.1021152596777868e-02   1.8738228748494044e-02   1.7110019106080367e-02  -1.0899246277565326e+00   3.8652626889338418e-02   4.2950160000465365e-01   5.3347943136782905e-01
   6.3999180942878442e-01   4.9492599623094318e+00   8.1271717631999259e-03   1.1606136280570419e-02  -4.6882981532827663e-03   1.7375173208767378e+00  -2.8184974331578259e-02   2.2428587910588556e-02  -4.2835119420007495e-01
   4.1021152596777868e-02   8.1271717631999259e-03   1.7820682556699257e-03   4.0374755052186777e-04   2.4251163711283956e-04  -1.5579718847510209e-02   5.8233703249148676e-04   3.9316617296504081e-04   4.8556840760989612e-03
   1.8738228748494044e-02   1.1606136280570419e-02   4.0374755052186777e-04   1.3343623442555550e-03   4.0411367078165786e-05  -6.6321918267280922e-03   2.7609358466464058e-04   1.2875139274354626e-04   4.9280009680366854e-04
   1.7110019106080367e-02  -4.6882981532827663e-03   2.4251163711283956e-04   4.0411367078165786e-05   1.1452250551723462e-03  -6.2940110856455666e-03   2.0927978008622889e-04   5.4266190202552204e-04   3.5411109315946765e-03
  -1.0899246277565326e+00   1.7375173208767378e+00  -1.5579718847510209e-02  -6.6321918267280922e-03  -6.2940110856455666e-03   6.3554456460894793e+00  -3.8795891359229222e-02  -6.6005810121299996e-02   5.5785333328765818e-01
   3.8652626889338418e-02  -2.8184974331578259e-02   5.8233703249148676e-04   2.7609358466464058e-04   2.0927978008622889e-04  -3.8795891359229222e-02   1.9318656620284252e-03   1.4253190093867004e-03   5.7913592629877031e-03
   4.2950160000465365e-01   2.2428587910588556e-02   3.9316617296504081e-04   1.2875139274354626e-04   5.4266190202552204e-04  -6.6005810121299996e-02   1.4253190093867004e-03   6.6723398610030515e-02   2.6278253615356122e-02
   5.3347943136782905e-01  -4.2835119420007495e-01   4.8556840760989612e-03   4.9280009680366854e-04   3.5411109315946765e-03   5.5785333328765818e-01   5.7913592629877031e-03   2.6278253615356122e-02   2.2582810609634207e+00
