   4.3286850346427997e+01   7.8814210657064968e-02   1.7290019632816015e-02   1.9321877385728137e-01   1.0089013109887344e+00  -1.5603911843040630e-01
   7.8814210657064968e-02   1.3153455593426931e-03   2.9506156375876379e-04   1.0626340897899823e-05  -8.4920426051145474e-04  -7.6144148409933328e-04
   1.7290019632816015e-02   2.9506156375876379e-04   1.6517123975739346e-03  -7.9619457220601712e-04  -2.9750856515093969e-03  -1.2798479526884615e-03
   1.9321877385728137e-01   1.0626340897899823e-05  -7.9619457220601712e-04   3.3176091112841204e-03   8.6781859079246761e-03   3.3757738774476922e-04
   1.0089013109887344e+00  -8.4920426051145474e-04  -2.9750856515093969e-03   8.6781859079246761e-03   7.7472000072816585e-02   2.9459923310965119e-03
  -1.5603911843040630e-01  -7.6144148409933328e-04  -1.2798479526884615e-03   3.3757738774476922e-04   2.9459923310965119e-03   3.7491690644557868e-01
