   2.5176390270147975e+00  -4.4377041222372898e-01   1.9616946680811709e-02  -3.5719148452081212e-02   1.1241158397404588e-03  -1.4793849643106795e-02   2.7396325952971503e-02   2.6009011562938150e-01   5.1445720127096628e-01
  -4.4377041222372898e-01   6.3916730849370906e-01  -7.8672785821751866e-03   4.0696601742397620e-01   1.4846433454005022e-03   1.6910777723188417e-02  -1.0844287291686256e-02  -1.0481323126096715e-02  -2.7182481039072381e-01
   1.9616946680811709e-02  -7.8672785821751866e-03   1.3824274189815095e-03  -2.3527552151376635e-03   5.4131829268106719e-05  -7.5749503586591355e-05   2.2563685266765806e-04  -5.9047421838124306e-05   5.2930025524700356e-03
  -3.5719148452081212e-02   4.0696601742397620e-01  -2.3527552151376635e-03   7.3166700517247927e+00  -1.7580253707634062e-03   1.2255496604504760e-02  -5.1174723619573552e-03   2.6437758053913792e-02  -7.1981992334966016e-01
   1.1241158397404588e-03   1.4846433454005022e-03   5.4131829268106719e-05  -1.7580253707634062e-03   1.2183994743202383e-03  -3.3431032592798939e-06   2.7421369559632103e-05  -1.2899366609322476e-04  -2.6114169613222472e-03
  -1.4793849643106795e-02   1.6910777723188417e-02  -7.5749503586591355e-05   1.2255496604504760e-02  -3.3431032592798939e-06   1.7557102196856646e-03  -4.2323783481722086e-04  -1.6619977188472637e-03  -1.0806168153413977e-02
   2.7396325952971503e-02  -1.0844287291686256e-02   2.2563685266765806e-04  -5.1174723619573552e-03   2.7421369559632103e-05  -4.2323783481722086e-04   1.4178909241944391e-03   2.5369879794333041e-03   8.7655365157111535e-03
   2.6009011562938150e-01  -1.0481323126096715e-02  -5.9047421838124306e-05   2.6437758053913792e-02  -1.2899366609322476e-04  -1.6619977188472637e-03   2.5369879794333041e-03   5.1910618726429970e-02   1.8247028091342612e-02
   5.1445720127096628e-01  -2.7182481039072381e-01   5.2930025524700356e-03  -7.1981992334966016e-01  -2.6114169613222472e-03  -1.0806168153413977e-02   8.7655365157111535e-03   1.8247028091342612e-02   3.2253867674599852e+00
