4.587507066399235285e-03 1.435246499745667802e-04 -6.818280720181596022e-05 1.843847080686867473e-04 -1.091824931402019232e-03 6.703762081469296849e-04 -1.200859910910699819e-03 2.356366990176710086e-03 -3.905915222314922369e-03 -1.592005343878188472e-04 -7.073141429388386467e-05
1.435246499745667802e-04 8.889969797388501752e-03 9.472472137659471289e-04 6.616041175424596963e-04 8.360329762366385193e-04 2.001084586264086559e-05 -1.995310494043524546e-03 8.031562059491092944e-04 -2.543074304084184251e-02 -2.362969936991137865e-04 -8.673532975153553439e-06
-6.818280720181596022e-05 9.472472137659471289e-04 1.573343415971456202e-02 8.884541305204973793e-05 3.085481387722869596e-03 -1.329524622367594044e-04 3.479254266273157370e-03 -1.314723639128471608e-02 5.075272552226633808e-03 -1.053173426153019280e-04 2.630317239470979576e-04
1.843847080686867473e-04 6.616041175424596963e-04 8.884541305204973793e-05 3.208541142604136309e-02 1.807670794234086638e-03 -6.898533111004421028e-03 3.909148958217174320e-03 -1.239899234075308651e-02 4.841733510104762744e-02 5.636954452004210329e-04 -2.444406721976784443e-04
-1.091824931402019232e-03 8.360329762366385193e-04 3.085481387722869596e-03 1.807670794234086638e-03 6.514932781630825009e-02 6.688289330172480542e-03 -5.948421592795063648e-03 -8.926906944793099735e-03 2.352971022731441004e-03 3.452758292757064033e-04 -2.767572127580875487e-04
6.703762081469296849e-04 2.001084586264086559e-05 -1.329524622367594044e-04 -6.898533111004421028e-03 6.688289330172480542e-03 1.334738516402805275e-01 -3.369281461439177505e-02 1.423958987171781120e-02 -7.759345624098458460e-02 -1.428929776976247887e-03 -9.067097111151418238e-04
-1.200859910910699819e-03 -1.995310494043524546e-03 3.479254266273157370e-03 3.909148958217174320e-03 -5.948421592795063648e-03 -3.369281461439177505e-02 2.876385786009204026e-01 -1.444702262457680797e-01 2.663729570911414490e-01 -1.568308122456975144e-03 -1.310946786921000700e-03
2.356366990176710086e-03 8.031562059491092944e-04 -1.314723639128471608e-02 -1.239899234075308651e-02 -8.926906944793099735e-03 1.423958987171781120e-02 -1.444702262457680797e-01 7.124771709549609922e-01 -3.917684085022705709e-01 -1.582725847887409259e-03 3.566789805952395431e-03
-3.905915222314922369e-03 -2.543074304084184251e-02 5.075272552226633808e-03 4.841733510104762744e-02 2.352971022731441004e-03 -7.759345624098458460e-02 2.663729570911414490e-01 -3.917684085022705709e-01 1.764474948983236535e+00 -7.723074600086726098e-04 -7.225117615003788865e-03
-1.592005343878188472e-04 -2.362969936991137865e-04 -1.053173426153019280e-04 5.636954452004210329e-04 3.452758292757064033e-04 -1.428929776976247887e-03 -1.568308122456975144e-03 -1.582725847887409259e-03 -7.723074600086726098e-04 3.028529418063672946e-03 -6.238199851103058409e-05
-7.073141429388386467e-05 -8.673532975153553439e-06 2.630317239470979576e-04 -2.444406721976784443e-04 -2.767572127580875487e-04 -9.067097111151418238e-04 -1.310946786921000700e-03 3.566789805952395431e-03 -7.225117615003788865e-03 -6.238199851103058409e-05 3.049953980380101532e-03
