   2.5825399655273820e-02  -1.5182230867424368e-03  -9.9812384871609682e-04  -1.6035591797873540e-02   2.4185854863957683e-02   2.3673424045398260e-02  -2.8371537324568253e-02  -5.1199125154692696e-03  -6.6786852822831302e-03  -3.7513537202851781e-05  -2.5819758907035277e-03   6.1869506178335941e-05   1.9194706747153331e-04   5.9569944624040410e-04  -5.0572896043824835e-04   1.7661230288234085e-04  -2.6270376722564550e-03   7.0383054943987070e-02   2.2569924226337333e-03   4.3681165198367162e-03   2.6341344320549690e-05  -2.3611569478349892e-04   1.3685713583096500e-03
  -1.5182230867424368e-03   7.8398938715135469e-01  -4.3531203241961491e-01   4.5264840089600572e-01  -1.1825475555193624e-01  -4.9748217627630004e-01   3.7458369511357080e-02   1.3481281734195816e-01  -4.2612024237391223e-02   2.1016242599430981e-03   9.5525671325778105e-02  -4.9634181597144121e-04   1.8603353548933590e-04   7.0145999284745386e-04  -4.1322257491902876e-04  -4.9611357250486307e-03  -2.3690161500428422e-01  -4.4776684513678039e-01  -1.8894318510317468e-03  -8.5961656045663963e-03  -7.1662337120982232e-04  -7.4312437022032332e-04  -2.0922930334592808e-02
  -9.9812384871609682e-04  -4.3531203241961491e-01   7.8442216538156073e-01   4.2361964986062406e-01   4.2023549952950101e-01   7.8118144422831293e-01  -3.7947767724110387e-01   2.1676139228892374e-01   1.3850204477086162e-01  -1.1290132301733371e-03  -1.4524616669457158e-01   8.3109293627963885e-04   7.6228212305333041e-04  -1.3688055042642084e-02  -4.5216458931085224e-03  -7.8908435950205500e-03   2.2002124746690324e-01   5.2916810014507665e-01  -1.5631812385801559e-03   1.9618812035039582e-02   5.4292522769567491e-04  -4.0825399311940971e-03  -4.1987262198981768e-03
  -1.6035591797873540e-02   4.5264840089600572e-01   4.2361964986062406e-01   1.3911370586358480e+00   3.8771754146271425e-01   3.7844648315922996e-01  -3.9133605983769132e-01   5.9084056157046039e-01   1.0560262720863829e-01   2.3308355901400604e-04   6.0706884518940615e-02   4.2811652877145618e-04   9.9068935364808467e-04  -1.7519554192016173e-02  -1.2151715503867191e-02  -2.0576580667230282e-02  -1.2245719553259628e-02  -4.1645856801398221e-02   1.8468554445444393e-04   2.3727591504329827e-02  -1.5064258815854830e-04  -9.7230534965557693e-03  -3.0912924222378662e-02
   2.4185854863957683e-02  -1.1825475555193624e-01   4.2023549952950101e-01   3.8771754146271425e-01   3.4819410950615126e-01   4.5396461719811598e-01  -3.0133328594173381e-01   1.7262090545576128e-01   1.0360642911991262e-01  -5.6627172687291854e-04  -2.3345058425346531e-02   4.4613731827707466e-04   7.5433209813265568e-04  -1.0683079888072626e-02  -3.6826386910509398e-03  -4.3962808836489073e-03   7.5132689416082143e-02   3.4044376307368057e-01   4.9601491971033047e-03   1.8830465300787132e-02   2.0140211875396580e-04  -2.7483131723087502e-03  -1.3565798424052389e-02
   2.3673424045398260e-02  -4.9748217627630004e-01   7.8118144422831293e-01   3.7844648315922996e-01   4.5396461719811598e-01   8.5270347317843531e-01  -3.9645902914313447e-01   1.8777367382652133e-01   1.4057923535188488e-01  -1.4878997946095088e-03  -9.0839949947670029e-02   9.1408032629650409e-04   8.3169654571765871e-04  -1.3416968359948831e-02  -5.5954207250043068e-03  -8.0930232774487493e-03   2.2461131373958837e-01   5.9824850035419497e-01  -4.6773119528276108e-04   2.2297198598038026e-02   6.2501375570298446e-04  -4.3379801612157542e-03  -4.0924704450499448e-03
  -2.8371537324568253e-02   3.7458369511357080e-02  -3.7947767724110387e-01  -3.9133605983769132e-01  -3.0133328594173381e-01  -3.9645902914313447e-01   3.1743388264868599e-01  -1.7164980452965561e-01  -8.7104718392585295e-02  -2.8125294932458917e-05   7.2307864350194567e-02  -5.1944815917582404e-04  -7.2003548026611773e-04   9.3038219557228137e-03   2.3564224130879340e-03   4.7748200577748708e-03  -6.2874948117066093e-02  -3.3991387327960654e-01  -1.9220961495528025e-03  -1.4591255799020618e-02  -1.4821889475562924e-04   2.6762178388966924e-03   8.3625528110685479e-03
  -5.1199125154692696e-03   1.3481281734195816e-01   2.1676139228892374e-01   5.9084056157046039e-01   1.7262090545576128e-01   1.8777367382652133e-01  -1.7164980452965561e-01   3.0670737723171798e-01   3.6832414723086820e-02  -2.3278087099326745e-04  -3.3951551900479521e-02   3.0680402722238985e-04   2.9158184036930855e-04  -7.3212245853678526e-03  -6.3098802579352985e-03  -1.0103149962648527e-02   2.5095503907847982e-02   5.8057358418945687e-02  -7.6299718011322605e-04   1.2784878449499144e-02   3.9285049710037641e-05  -5.5713422872038110e-03  -4.9842158459445255e-03
  -6.6786852822831302e-03  -4.2612024237391223e-02   1.3850204477086162e-01   1.0560262720863829e-01   1.0360642911991262e-01   1.4057923535188488e-01  -8.7104718392585295e-02   3.6832414723086820e-02   5.5506862122418690e-02  -2.8879160220361553e-04  -4.7677998509895198e-03   1.2176941949952486e-04  -3.1868276927145285e-05  -5.0395309918521321e-03  -5.8974164396004194e-04  -1.6148703226128143e-03   2.6076253320335439e-02   8.1220717973243733e-02  -1.6354859194590745e-03   8.4733860709500263e-04   4.9175460915436049e-05  -5.1617904836708190e-04  -1.5389556770127073e-04
  -3.7513537202851781e-05   2.1016242599430981e-03  -1.1290132301733371e-03   2.3308355901400604e-04  -5.6627172687291854e-04  -1.4878997946095088e-03  -2.8125294932458917e-05  -2.3278087099326745e-04  -2.8879160220361553e-04   1.0618989963864034e-03  -3.5231775520146177e-05  -1.1053157158442272e-05  -2.9429859139201925e-06   5.2738642202386730e-05   1.5295677940078023e-04   8.3595402172859605e-05  -8.3147824077456486e-04  -9.9030217594581714e-04  -2.7573166986616268e-06  -1.4806202064978889e-04  -5.8084771921373987e-06   7.8735080022567983e-05  -1.6339071092920244e-04
  -2.5819758907035277e-03   9.5525671325778105e-02  -1.4524616669457158e-01   6.0706884518940615e-02  -2.3345058425346531e-02  -9.0839949947670029e-02   7.2307864350194567e-02  -3.3951551900479521e-02  -4.7677998509895198e-03  -3.5231775520146177e-05   2.2592580530325121e-01  -2.7708228300251574e-04  -1.4728635159224883e-04   6.6413357814624937e-05  -8.9175266148091886e-04  -5.5135591185379409e-04  -6.2468906894414478e-02  -2.2311384612519058e-01   2.1059054883452644e-04  -4.8018682790127503e-03  -1.4135748331485734e-04   7.6280970691562633e-04  -8.3541420467635914e-03
   6.1869506178335941e-05  -4.9634181597144121e-04   8.3109293627963885e-04   4.2811652877145618e-04   4.4613731827707466e-04   9.1408032629650409e-04  -5.1944815917582404e-04   3.0680402722238985e-04   1.2176941949952486e-04  -1.1053157158442272e-05  -2.7708228300251574e-04   1.0321752313218189e-03  -2.5032685029313012e-05  -1.5356297634559757e-06  -1.7324564180820072e-05  -3.1766444636978028e-05   3.1802763821038696e-04   8.9628419437671808e-04  -4.8263964993706804e-05  -4.1214652704915034e-06   8.0817501422372311e-06  -3.9940777399575541e-05   6.2914611352761751e-05
   1.9194706747153331e-04   1.8603353548933590e-04   7.6228212305333041e-04   9.9068935364808467e-04   7.5433209813265568e-04   8.3169654571765871e-04  -7.2003548026611773e-04   2.9158184036930855e-04  -3.1868276927145285e-05  -2.9429859139201925e-06  -1.4728635159224883e-04  -2.5032685029313012e-05   1.1631550170274386e-03  -4.5082440255711164e-06  -2.2321073759973389e-06   4.1098299045006455e-05  -1.0937893526499660e-04   7.5638596473938022e-04   1.0670909049583279e-04   1.4469222602386201e-04  -2.3680300296020833e-06   1.4979889267084522e-05  -1.6320502756890561e-04
   5.9569944624040410e-04   7.0145999284745386e-04  -1.3688055042642084e-02  -1.7519554192016173e-02  -1.0683079888072626e-02  -1.3416968359948831e-02   9.3038219557228137e-03  -7.3212245853678526e-03  -5.0395309918521321e-03   5.2738642202386730e-05   6.6413357814624937e-05  -1.5356297634559757e-06  -4.5082440255711164e-06   1.6740977710481223e-03   1.7324683406828961e-04   2.7812924508784640e-04  -2.3976785628230758e-03  -6.2688289930749614e-03   2.1468578244512935e-04  -1.8681922079163664e-04  -1.8972376826006259e-06   1.4170881545490878e-04  -3.6394608390750238e-05
  -5.0572896043824835e-04  -4.1322257491902876e-04  -4.5216458931085224e-03  -1.2151715503867191e-02  -3.6826386910509398e-03  -5.5954207250043068e-03   2.3564224130879340e-03  -6.3098802579352985e-03  -5.8974164396004194e-04   1.5295677940078023e-04  -8.9175266148091886e-04  -1.7324564180820072e-05  -2.2321073759973389e-06   1.7324683406828961e-04   1.7160922536899631e-03   7.2333341990124154e-04  -1.5024095225855589e-03  -1.2307357156646807e-03   1.2810756377340876e-04  -6.1320148627326792e-04  -1.1603672377568567e-05   3.6058196137350626e-04  -1.6676901166636288e-04
   1.7661230288234085e-04  -4.9611357250486307e-03  -7.8908435950205500e-03  -2.0576580667230282e-02  -4.3962808836489073e-03  -8.0930232774487493e-03   4.7748200577748708e-03  -1.0103149962648527e-02  -1.6148703226128143e-03   8.3595402172859605e-05  -5.5135591185379409e-04  -3.1766444636978028e-05   4.1098299045006455e-05   2.7812924508784640e-04   7.2333341990124154e-04   2.7701437883884592e-03  -1.6759651455853870e-03  -5.8914764690880619e-04   2.0577379818325133e-03   1.1202867095363711e-03  -1.3926026382054875e-05   5.1748896626699402e-04  -9.3819934588757251e-04
  -2.6270376722564550e-03  -2.3690161500428422e-01   2.2002124746690324e-01  -1.2245719553259628e-02   7.5132689416082143e-02   2.2461131373958837e-01  -6.2874948117066093e-02   2.5095503907847982e-02   2.6076253320335439e-02  -8.3147824077456486e-04  -6.2468906894414478e-02   3.1802763821038696e-04  -1.0937893526499660e-04  -2.3976785628230758e-03  -1.5024095225855589e-03  -1.6759651455853870e-03   1.0653098261916377e-01   1.7453985550153628e-01  -1.6290608478649455e-03   4.4767473378437778e-03   2.7923109989997377e-04  -1.5190100324082518e-03   1.1129237051684174e-02
   7.0383054943987070e-02  -4.4776684513678039e-01   5.2916810014507665e-01  -4.1645856801398221e-02   3.4044376307368057e-01   5.9824850035419497e-01  -3.3991387327960654e-01   5.8057358418945687e-02   8.1220717973243733e-02  -9.9030217594581714e-04  -2.2311384612519058e-01   8.9628419437671808e-04   7.5638596473938022e-04  -6.2688289930749614e-03  -1.2307357156646807e-03  -5.8914764690880619e-04   1.7453985550153628e-01   7.6592228500487380e-01   3.5307451215850424e-03   2.1558347701571990e-02   5.6439632011266434e-04  -2.1633087932868898e-03   1.6639878909025956e-02
   2.2569924226337333e-03  -1.8894318510317468e-03  -1.5631812385801559e-03   1.8468554445444393e-04   4.9601491971033047e-03  -4.6773119528276108e-04  -1.9220961495528025e-03  -7.6299718011322605e-04  -1.6354859194590745e-03  -2.7573166986616268e-06   2.1059054883452644e-04  -4.8263964993706804e-05   1.0670909049583279e-04   2.1468578244512935e-04   1.2810756377340876e-04   2.0577379818325133e-03  -1.6290608478649455e-03   3.5307451215850424e-03   5.9662111231412037e-03   4.4666993728754026e-03  -1.6538290005225329e-05   3.7510241172821211e-04  -2.8658467001194204e-03
   4.3681165198367162e-03  -8.5961656045663963e-03   1.9618812035039582e-02   2.3727591504329827e-02   1.8830465300787132e-02   2.2297198598038026e-02  -1.4591255799020618e-02   1.2784878449499144e-02   8.4733860709500263e-04  -1.4806202064978889e-04  -4.8018682790127503e-03  -4.1214652704915034e-06   1.4469222602386201e-04  -1.8681922079163664e-04  -6.1320148627326792e-04   1.1202867095363711e-03   4.4767473378437778e-03   2.1558347701571990e-02   4.4666993728754026e-03   7.5142891062424839e-03   8.1371554043689491e-06  -8.7137878978520139e-05  -2.3876022278053245e-03
   2.6341344320549690e-05  -7.1662337120982232e-04   5.4292522769567491e-04  -1.5064258815854830e-04   2.0140211875396580e-04   6.2501375570298446e-04  -1.4821889475562924e-04   3.9285049710037641e-05   4.9175460915436049e-05  -5.8084771921373987e-06  -1.4135748331485734e-04   8.0817501422372311e-06  -2.3680300296020833e-06  -1.8972376826006259e-06  -1.1603672377568567e-05  -1.3926026382054875e-05   2.7923109989997377e-04   5.6439632011266434e-04  -1.6538290005225329e-05   8.1371554043689491e-06   1.0030590024201931e-03  -1.9639009105176075e-05   4.0416269333661717e-05
  -2.3611569478349892e-04  -7.4312437022032332e-04  -4.0825399311940971e-03  -9.7230534965557693e-03  -2.7483131723087502e-03  -4.3379801612157542e-03   2.6762178388966924e-03  -5.5713422872038110e-03  -5.1617904836708190e-04   7.8735080022567983e-05   7.6280970691562633e-04  -3.9940777399575541e-05   1.4979889267084522e-05   1.4170881545490878e-04   3.6058196137350626e-04   5.1748896626699402e-04  -1.5190100324082518e-03  -2.1633087932868898e-03   3.7510241172821211e-04  -8.7137878978520139e-05  -1.9639009105176075e-05   1.5350576739387070e-03  -3.6088192520299247e-04
   1.3685713583096500e-03  -2.0922930334592808e-02  -4.1987262198981768e-03  -3.0912924222378662e-02  -1.3565798424052389e-02  -4.0924704450499448e-03   8.3625528110685479e-03  -4.9842158459445255e-03  -1.5389556770127073e-04  -1.6339071092920244e-04  -8.3541420467635914e-03   6.2914611352761751e-05  -1.6320502756890561e-04  -3.6394608390750238e-05  -1.6676901166636288e-04  -9.3819934588757251e-04   1.1129237051684174e-02   1.6639878909025956e-02  -2.8658467001194204e-03  -2.3876022278053245e-03   4.0416269333661717e-05  -3.6088192520299247e-04   1.8987427749390946e-02
