3.230806800589289436e-03 6.588723714241659195e-03 -7.407181172240008375e-03 2.815391870127830561e-04 7.929170198621212501e-03 -2.436812070169394173e-03 -8.950244542629886765e-03 3.260190957234406590e-04 -9.234193437161508948e-04 -1.780099608711532616e-03 4.865004570192643131e-03 -4.494046104771286070e-03 5.841365485836632482e-03 4.813258086805443856e-03 -1.563318595938221903e-03 7.089357327568019600e-05 4.365821815999738030e-03 -1.594388050301713636e-05 1.941739211525825824e-04 1.045792043501027465e-04 9.926978479278825840e-06 -4.941652705508524693e-05 -3.083559452357794231e-02
6.588723714241659195e-03 2.469079726257165930e-02 -2.885199143824362933e-02 9.100115027070156213e-04 3.016138559189611781e-02 -8.082529768300190584e-03 -3.431552437932217092e-02 1.760980528089635053e-03 -3.451400376383939074e-03 -6.738336368185463172e-03 1.972033175910454378e-02 -1.755752917494147677e-02 2.425740950499703785e-02 1.970529643709151638e-02 -5.948763155024888900e-03 5.531136117529594212e-04 1.667627487759954300e-02 2.271988499633643486e-05 8.072962430450411142e-04 3.707839690777512223e-04 9.247554951573524085e-05 -1.372182679424889561e-04 -1.188127822670154987e-01
-7.407181172240008375e-03 -2.885199143824362933e-02 3.879794959730898524e-02 -1.088567541635949553e-03 -3.913957129066247820e-02 9.783233593150126792e-03 4.411506347861871014e-02 -2.873380905576681816e-03 4.520577694384587605e-03 9.078292162825827433e-03 -2.655041567747653056e-02 2.368503737494774206e-02 -3.220834596043143511e-02 -2.641009141523599849e-02 7.805327787789799465e-03 -8.184078412720473044e-04 -2.112549369744823324e-02 -5.117405672840296229e-05 -1.073364365431492620e-03 -4.649792649513549854e-04 -1.315895933709653896e-04 1.511902038368688461e-04 1.536905524906333753e-01
2.815391870127830561e-04 9.100115027070156213e-04 -1.088567541635949553e-03 1.240625536212789856e-03 1.219721173881020042e-03 -3.759578649277379981e-04 -1.232964679574048749e-03 3.163805195315503248e-05 -7.238679368226520869e-05 -2.944717864673595327e-04 6.889910207645694434e-04 -5.984654015078689007e-04 8.108909885925100289e-04 7.075546598321128802e-04 -1.629777313306444487e-04 -1.047884863388092450e-05 4.998485301688633487e-04 -1.067844779511946294e-05 8.857874466398884598e-06 -1.418813599185793676e-06 -4.007034738312759653e-06 -3.043314619214925219e-07 -4.420023771348890497e-03
7.929170198621212501e-03 3.016138559189611781e-02 -3.913957129066247820e-02 1.219721173881020042e-03 4.177261288142659901e-02 -1.034665149400759362e-02 -4.578902884219364366e-02 2.871477728709606429e-03 -4.667626011303788007e-03 -9.465585210028546956e-03 2.741600590491612144e-02 -2.451989419726382374e-02 3.322203047058645137e-02 2.727943796793808745e-02 -8.102563440198865333e-03 8.406225643249771182e-04 2.188788696958694421e-02 4.911301947923923488e-05 1.102783080326945591e-03 4.808898975676196446e-04 1.345676700746683738e-04 -1.621554970603083948e-04 -1.594790704959162531e-01
-2.436812070169394173e-03 -8.082529768300190584e-03 9.783233593150126792e-03 -3.759578649277379981e-04 -1.034665149400759362e-02 4.034270814848751364e-03 1.155628941067860307e-02 -6.101538286393817182e-04 1.177091288436463634e-03 2.438798144875053194e-03 -6.630368029003267001e-03 6.023240938948296735e-03 -7.957550408755606486e-03 -6.558240938939652494e-03 1.988772282576355740e-03 -1.801692228666540213e-04 -5.483727790674271588e-03 -4.483278557712719311e-07 -2.630563509015886123e-04 -1.227644793171449810e-04 -2.816911688745854145e-05 5.045489045958387818e-05 4.014849127998904033e-02
-8.950244542629886765e-03 -3.431552437932217092e-02 4.411506347861871014e-02 -1.232964679574048749e-03 -4.578902884219364366e-02 1.155628941067860307e-02 5.304736091721996144e-02 -3.161069874533837133e-03 5.297221681544029073e-03 1.047944399675256912e-02 -3.088302814976213312e-02 2.749086304180949417e-02 -3.788945418406437088e-02 -3.088120210495002432e-02 9.197392692184716209e-03 -8.970322214151953957e-04 -2.502081864031551958e-02 -4.972529625373823202e-05 -1.250938921654293516e-03 -5.528344154375311502e-04 -1.450965638463527676e-04 1.795081356573993930e-04 1.805365146286786460e-01
3.260190957234406590e-04 1.760980528089635053e-03 -2.873380905576681816e-03 3.163805195315503248e-05 2.871477728709606429e-03 -6.101538286393817182e-04 -3.161069874533837133e-03 1.456728331112526519e-03 -3.601062506471462243e-04 -7.551127785776490242e-04 2.184581604081621206e-03 -1.971125840679148911e-03 2.522878263424825022e-03 2.120647535092524787e-03 -5.682921290425471282e-04 7.229451356863490763e-05 1.462979822700095000e-03 9.089798543881017704e-06 9.034607715694086244e-05 2.400453638371739608e-05 1.177709617469539728e-05 -9.581044949018747105e-06 -1.129099250682266166e-02
-9.234193437161508948e-04 -3.451400376383939074e-03 4.520577694384587605e-03 -7.238679368226520869e-05 -4.667626011303788007e-03 1.177091288436463634e-03 5.297221681544029073e-03 -3.601062506471462243e-04 1.780760047799686240e-03 1.112931216159737625e-03 -3.353617634943683711e-03 3.156026519909956810e-03 -3.767662966093719961e-03 -3.074155942849670156e-03 1.007755763296756682e-03 -1.235558779773445999e-04 -2.561367760753600030e-03 -1.810391502635951856e-05 -1.615630056632018255e-04 -3.504942065197287225e-05 -1.863978939741276191e-05 1.700196433120807228e-05 1.827470594763875092e-02
-1.780099608711532616e-03 -6.738336368185463172e-03 9.078292162825827433e-03 -2.944717864673595327e-04 -9.465585210028546956e-03 2.438798144875053194e-03 1.047944399675256912e-02 -7.551127785776490242e-04 1.112931216159737625e-03 3.368192651609638530e-03 -6.456113512177072758e-03 5.868247902615760826e-03 -7.647663095816812674e-03 -6.345415580172113559e-03 1.866070858997875273e-03 -2.101588290991649767e-04 -4.871894640880300095e-03 -1.282023712405890614e-05 -2.581831900467846156e-04 -1.004717482008659897e-04 -3.291026426702196346e-05 3.502875259897578550e-05 3.664518633780936008e-02
4.865004570192643131e-03 1.972033175910454378e-02 -2.655041567747653056e-02 6.889910207645694434e-04 2.741600590491612144e-02 -6.630368029003267001e-03 -3.088302814976213312e-02 2.184581604081621206e-03 -3.353617634943683711e-03 -6.456113512177072758e-03 2.014144468464670532e-02 -1.716078467981145550e-02 2.283836886314263848e-02 1.878606862872533520e-02 -5.569920439642249595e-03 6.607511481509515793e-04 1.476898514473423858e-02 6.164463141692228226e-05 7.840531372087472355e-04 2.780287503454561670e-04 1.034397408893066348e-04 -9.582383141290382207e-05 -1.076764527309767572e-01
-4.494046104771286070e-03 -1.755752917494147677e-02 2.368503737494774206e-02 -5.984654015078689007e-04 -2.451989419726382374e-02 6.023240938948296735e-03 2.749086304180949417e-02 -1.971125840679148911e-03 3.156026519909956810e-03 5.868247902615760826e-03 -1.716078467981145550e-02 1.674301939552362908e-02 -2.006190632314923394e-02 -1.662040726479601521e-02 5.055516388777310174e-03 -5.662991569983540216e-04 -1.310869572168420726e-02 -4.703730806538416689e-05 -7.095631087348114882e-04 -2.522819989215753186e-04 -8.198814535495581595e-05 8.749102173837889859e-05 9.581275979480238791e-02
5.841365485836632482e-03 2.425740950499703785e-02 -3.220834596043143511e-02 8.108909885925100289e-04 3.322203047058645137e-02 -7.957550408755606486e-03 -3.788945418406437088e-02 2.522878263424825022e-03 -3.767662966093719961e-03 -7.647663095816812674e-03 2.283836886314263848e-02 -2.006190632314923394e-02 2.975355404087633507e-02 2.312004167192638002e-02 -6.634908060275817449e-03 7.068195863459797142e-04 1.804452842079302607e-02 5.156534465535666167e-05 9.149502192601868160e-04 3.933363804313674415e-04 1.159324050789494831e-04 -1.132005448413619415e-04 -1.317148501491668122e-01
4.813258086805443856e-03 1.970529643709151638e-02 -2.641009141523599849e-02 7.075546598321128802e-04 2.727943796793808745e-02 -6.558240938939652494e-03 -3.088120210495002432e-02 2.120647535092524787e-03 -3.074155942849670156e-03 -6.345415580172113559e-03 1.878606862872533520e-02 -1.662040726479601521e-02 2.312004167192638002e-02 1.998775752618153767e-02 -5.468984014433219895e-03 5.928698996560796599e-04 1.473355625896448709e-02 4.033971377365681908e-05 7.395426216516697449e-04 3.041556102286415071e-04 9.364910859152709803e-05 -9.794984056838968009e-05 -1.076746369663640762e-01
-1.563318595938221903e-03 -5.948763155024888900e-03 7.805327787789799465e-03 -1.629777313306444487e-04 -8.102563440198865333e-03 1.988772282576355740e-03 9.197392692184716209e-03 -5.682921290425471282e-04 1.007755763296756682e-03 1.866070858997875273e-03 -5.569920439642249595e-03 5.055516388777310174e-03 -6.634908060275817449e-03 -5.468984014433219895e-03 2.751349338204371348e-03 -1.629281274344040488e-04 -4.455426939500511420e-03 -1.011415588877827732e-05 -2.329728883294802249e-04 -1.055358812580287482e-04 -2.497543174283240716e-05 3.146411767400450151e-05 3.185158756457592139e-02
7.089357327568019600e-05 5.531136117529594212e-04 -8.184078412720473044e-04 -1.047884863388092450e-05 8.406225643249771182e-04 -1.801692228666540213e-04 -8.970322214151953957e-04 7.229451356863490763e-05 -1.235558779773445999e-04 -2.101588290991649767e-04 6.607511481509515793e-04 -5.662991569983540216e-04 7.068195863459797142e-04 5.928698996560796599e-04 -1.629281274344040488e-04 1.136107487458403852e-03 4.561758483638930404e-04 3.014570868866628397e-05 4.102166412997260684e-05 -2.247034511220668365e-06 2.275184795342480502e-05 -2.721922550892217916e-06 -3.210794128518669119e-03
4.365821815999738030e-03 1.667627487759954300e-02 -2.112549369744823324e-02 4.998485301688633487e-04 2.188788696958694421e-02 -5.483727790674271588e-03 -2.502081864031551958e-02 1.462979822700095000e-03 -2.561367760753600030e-03 -4.871894640880300095e-03 1.476898514473423858e-02 -1.310869572168420726e-02 1.804452842079302607e-02 1.473355625896448709e-02 -4.455426939500511420e-03 4.561758483638930404e-04 1.331752971097449265e-02 3.508858862526671323e-05 6.136638541745849818e-04 2.628146023769663362e-04 7.693822845678013303e-05 -9.157165235233642394e-05 -8.672757298589076069e-02
-1.594388050301713636e-05 2.271988499633643486e-05 -5.117405672840296229e-05 -1.067844779511946294e-05 4.911301947923923488e-05 -4.483278557712719311e-07 -4.972529625373823202e-05 9.089798543881017704e-06 -1.810391502635951856e-05 -1.282023712405890614e-05 6.164463141692228226e-05 -4.703730806538416689e-05 5.156534465535666167e-05 4.033971377365681908e-05 -1.011415588877827732e-05 3.014570868866628397e-05 3.508858862526671323e-05 1.011563673158813893e-03 1.035385831257146227e-05 -2.340885395557047370e-06 5.918867315711371629e-06 -2.898624379560536865e-07 -1.812689140592704665e-04
1.941739211525825824e-04 8.072962430450411142e-04 -1.073364365431492620e-03 8.857874466398884598e-06 1.102783080326945591e-03 -2.630563509015886123e-04 -1.250938921654293516e-03 9.034607715694086244e-05 -1.615630056632018255e-04 -2.581831900467846156e-04 7.840531372087472355e-04 -7.095631087348114882e-04 9.149502192601868160e-04 7.395426216516697449e-04 -2.329728883294802249e-04 4.102166412997260684e-05 6.136638541745849818e-04 1.035385831257146227e-05 1.048027265358554777e-03 1.857525229843322455e-05 7.836468365141747335e-06 -5.006451723931344645e-06 -4.328023977713269140e-03
1.045792043501027465e-04 3.707839690777512223e-04 -4.649792649513549854e-04 -1.418813599185793676e-06 4.808898975676196446e-04 -1.227644793171449810e-04 -5.528344154375311502e-04 2.400453638371739608e-05 -3.504942065197287225e-05 -1.004717482008659897e-04 2.780287503454561670e-04 -2.522819989215753186e-04 3.933363804313674415e-04 3.041556102286415071e-04 -1.055358812580287482e-04 -2.247034511220668365e-06 2.628146023769663362e-04 -2.340885395557047370e-06 1.857525229843322455e-05 1.048592635595084043e-03 -2.154547305205348789e-07 -4.223149617445224394e-06 -1.876936415955600965e-03
9.926978479278825840e-06 9.247554951573524085e-05 -1.315895933709653896e-04 -4.007034738312759653e-06 1.345676700746683738e-04 -2.816911688745854145e-05 -1.450965638463527676e-04 1.177709617469539728e-05 -1.863978939741276191e-05 -3.291026426702196346e-05 1.034397408893066348e-04 -8.198814535495581595e-05 1.159324050789494831e-04 9.364910859152709803e-05 -2.497543174283240716e-05 2.275184795342480502e-05 7.693822845678013303e-05 5.918867315711371629e-06 7.836468365141747335e-06 -2.154547305205348789e-07 1.005996275934995660e-03 -3.789960063552439336e-07 -5.154042843825798904e-04
-4.941652705508524693e-05 -1.372182679424889561e-04 1.511902038368688461e-04 -3.043314619214925219e-07 -1.621554970603083948e-04 5.045489045958387818e-05 1.795081356573993930e-04 -9.581044949018747105e-06 1.700196433120807228e-05 3.502875259897578550e-05 -9.582383141290382207e-05 8.749102173837889859e-05 -1.132005448413619415e-04 -9.794984056838968009e-05 3.146411767400450151e-05 -2.721922550892217916e-06 -9.157165235233642394e-05 -2.898624379560536865e-07 -5.006451723931344645e-06 -4.223149617445224394e-06 -3.789960063552439336e-07 1.006626334892757888e-03 6.304640605275104804e-04
-3.083559452357794231e-02 -1.188127822670154987e-01 1.536905524906333753e-01 -4.420023771348890497e-03 -1.594790704959162531e-01 4.014849127998904033e-02 1.805365146286786460e-01 -1.129099250682266166e-02 1.827470594763875092e-02 3.664518633780936008e-02 -1.076764527309767572e-01 9.581275979480238791e-02 -1.317148501491668122e-01 -1.076746369663640762e-01 3.185158756457592139e-02 -3.210794128518669119e-03 -8.672757298589076069e-02 -1.812689140592704665e-04 -4.328023977713269140e-03 -1.876936415955600965e-03 -5.154042843825798904e-04 6.304640605275104804e-04 6.290172847969119907e-01
