   1.2093546574958951e+01  -6.0384465403459453e-01   6.4119188773940419e-02   1.9948928926691623e+00   1.0444351199602647e-01   5.1368174891968110e-01   2.5009377670657536e-02   5.1787704695935488e-01  -1.4276826835153766e+00
  -6.0384465403459453e-01   3.6720351773841995e+00   1.6559022596996306e-03  -1.4749540198348232e+00  -1.1466801832367154e-01   1.3967601156263301e+00   7.3937389202816298e-02  -5.2046765953339603e-02   1.1064723738014941e+00
   6.4119188773940419e-02   1.6559022596996306e-03   1.6584036072634081e-03   1.4148653078819073e-02   3.8640510370179881e-04   9.8651785184562454e-03   7.3051786144211141e-04  -2.0773976718694217e-04  -4.5380541647200489e-03
   1.9948928926691623e+00  -1.4749540198348232e+00   1.4148653078819073e-02   3.0454024149855279e+00   1.0683287922712660e-01  -3.0203508993287215e-01  -8.5000117602250999e-02   8.2289361984226303e-02  -1.3109215723910292e+00
   1.0444351199602647e-01  -1.1466801832367154e-01   3.8640510370179881e-04   1.0683287922712660e-01   8.5158487995028037e-03  -7.6781320881259357e-02  -6.2475820140659504e-03   5.5048556675671026e-03  -7.6693279602094627e-02
   5.1368174891968110e-01   1.3967601156263301e+00   9.8651785184562454e-03  -3.0203508993287215e-01  -7.6781320881259357e-02   7.9509684388162247e+00   8.8386534977320907e-02   9.3438507840468508e-03   1.1540292411202717e+00
   2.5009377670657536e-02   7.3937389202816298e-02   7.3051786144211141e-04  -8.5000117602250999e-02  -6.2475820140659504e-03   8.8386534977320907e-02   9.2242235097427534e-03  -4.7561421427641786e-03   6.5329020922817213e-02
   5.1787704695935488e-01  -5.2046765953339603e-02  -2.0773976718694217e-04   8.2289361984226303e-02   5.5048556675671026e-03   9.3438507840468508e-03  -4.7561421427641786e-03   5.9347301277595452e-02  -8.1769144430577465e-02
  -1.4276826835153766e+00   1.1064723738014941e+00  -4.5380541647200489e-03  -1.3109215723910292e+00  -7.6693279602094627e-02   1.1540292411202717e+00   6.5329020922817213e-02  -8.1769144430577465e-02   1.9822011337288725e+00
