   6.4517420111317652e+00   5.7382775623447388e-02   6.8722696381726442e-02   3.2128252898738087e-02  -2.9961651144154856e-03   2.1673706946258728e-01
   5.7382775623447388e-02   1.5394342258580153e-03   7.8258698328292583e-04   2.1468530615361507e-04  -5.4577673107580323e-05   1.1487606436106689e-03
   6.8722696381726442e-02   7.8258698328292583e-04   3.0785265413227005e-03  -1.9893059695205216e-04  -2.0969898183352436e-04  -3.0910545535376322e-03
   3.2128252898738087e-02   2.1468530615361507e-04  -1.9893059695205216e-04   1.4482370523267712e-03   8.9842958662243120e-05   2.3566121934196021e-03
  -2.9961651144154856e-03  -5.4577673107580323e-05  -2.0969898183352436e-04   8.9842958662243120e-05   1.0478926760246704e-03   3.3268982511016062e-05
   2.1673706946258728e-01   1.1487606436106689e-03  -3.0910545535376322e-03   2.3566121934196021e-03   3.3268982511016062e-05   4.2928642169503100e+00
