   6.3037101317433581e-03  -6.8391291979866232e-04  -8.4580113895448335e-03  -1.8696052041523605e-02  -6.3882286610108022e-04  -4.4251974668181124e-03  -1.2423955865411521e-02  -1.5269311619117782e-02   5.8033342120395416e-03  -1.2900115027082186e-02  -7.1489336631917260e-03   2.5382812875565517e-04  -4.8067243945913226e-05   8.8527490949545925e-05   3.9039630546183873e-05   1.9847370095141320e-03   2.9364539950617321e-03  -8.8606597510775215e-04   2.4948906985148502e-03   4.3759442942786940e-03   5.4877368151013767e-05  -3.4432133866567507e-04   4.5842945205734342e-03
  -6.8391291979866232e-04   1.1396842021832847e-02  -4.7567368932174446e-04  -2.6841439149515697e-03  -1.4878302268172154e-02  -8.4499344751297455e-03  -3.6809836673094057e-03  -1.7219306341495651e-02   2.6666721058742778e-03  -2.9520613456852002e-04  -4.8030851854524253e-04  -2.3696164044826305e-04  -2.7140242127927220e-05  -1.2157826498928733e-04   7.6586062325505286e-05  -2.4373814901211292e-03   2.7021438187961621e-03  -3.2216999065347238e-03  -3.3996881597778655e-03  -6.0511049036359402e-03  -8.1920209752342355e-05   6.2615977069691356e-04   2.2575424508580093e-03
  -8.4580113895448335e-03  -4.7567368932174446e-04   2.1816369046427787e-02   4.2058154767884041e-02   9.0038846206537855e-03   9.7822124419029519e-03   2.9358046865343979e-02   3.7485418726775313e-02  -1.2871848502803880e-02   2.9289916497587932e-02   1.4532133780922701e-02  -4.1849613670578723e-04   9.5873006028309316e-05  -1.4049766180856819e-04  -1.5143456896510231e-04  -3.2543369813977665e-03  -6.5358847316165725e-03   5.1838645409715252e-03  -3.8308749096375460e-03  -6.9055044695171359e-03  -8.6236487826221495e-05   6.2866357033037712e-04  -1.1566267215712221e-02
  -1.8696052041523605e-02  -2.6841439149515697e-03   4.2058154767884041e-02   9.6909846750283773e-02   1.6104349986049159e-02   2.3307678002563777e-02   6.4596700342466104e-02   8.0067043534270813e-02  -3.3787774781663400e-02   6.6824682955058973e-02   3.3274811269713302e-02  -1.0465696293317840e-03   3.0371649897704950e-04  -3.5229989981302101e-04  -2.0034565078379721e-04  -8.7360956978881771e-03  -1.4188272268819770e-02   1.0993717563901776e-02  -1.0781951775517853e-02  -1.9508728800013007e-02  -2.0882170630731213e-04   1.5120356964190007e-03  -2.1892911708938437e-02
  -6.3882286610108022e-04  -1.4878302268172154e-02   9.0038846206537855e-03   1.6104349986049159e-02   3.5416238326998736e-02   1.6226583633505404e-02   1.7239074990450094e-02   4.4643151940040593e-02  -4.1079529392673390e-03   9.8902200523078715e-03   4.0974679094328056e-03   3.1512920965356798e-04   4.6524241278870551e-05   1.7074298363260778e-04  -3.1959496637698086e-04   4.5296308660087523e-03  -6.0731180123091578e-03   8.1542472317704274e-03   6.8705281391094322e-03   1.1928216313947139e-02   1.2399903926824945e-04  -1.2144225714023956e-03  -9.9883645215258308e-03
  -4.4251974668181124e-03  -8.4499344751297455e-03   9.7822124419029519e-03   2.3307678002563777e-02   1.6226583633505404e-02   1.8851270848782440e-02   1.9295753653877194e-02   3.8422111180598628e-02  -7.8851314683844789e-03   1.5238417209861129e-02   7.8727522347213884e-03   7.7586993729704913e-05   1.1596897428507014e-04   4.7877369015700290e-05  -9.2754634739569865e-05   9.6939385812268091e-04  -5.7429182185330862e-03   4.7801903131665137e-03   1.2957716423046203e-03   2.6270538031130607e-03   5.4108910234417758e-05  -5.4891796881702498e-04  -8.7221426011366635e-03
  -1.2423955865411521e-02  -3.6809836673094057e-03   2.9358046865343979e-02   6.4596700342466104e-02   1.7239074990450094e-02   1.9295753653877194e-02   4.7633660180013263e-02   6.1427358422626338e-02  -2.1607073582467461e-02   4.5376028919342899e-02   2.2390252564727757e-02  -5.9186357209674854e-04   1.8848014884077758e-04  -1.8856934882206566e-04  -2.2191777264290709e-04  -4.2356461702058815e-03  -1.0250778973771928e-02   8.7509542533155127e-03  -5.0342939774274172e-03  -9.0120371222842371e-03  -1.0626841162841836e-04   6.4875228732745919e-04  -1.6891450294788744e-02
  -1.5269311619117782e-02  -1.7219306341495651e-02   3.7485418726775313e-02   8.0067043534270813e-02   4.4643151940040593e-02   3.8422111180598628e-02   6.1427358422626338e-02   1.1289433720891086e-01  -2.0263900719864680e-02   5.2123598900883368e-02   2.7843760655644548e-02  -1.7345748991716794e-04   2.4075973417658696e-04  -1.9629067257353930e-05  -4.1129986197411584e-04  -1.6752481281676380e-04  -1.7175856486392482e-02   1.2237831561062094e-02   8.6297648955448527e-04   1.6817582236990751e-03   3.6763113034739128e-05  -7.1526940781135504e-04  -3.0525047167058492e-02
   5.8033342120395416e-03   2.6666721058742778e-03  -1.2871848502803880e-02  -3.3787774781663400e-02  -4.1079529392673390e-03  -7.8851314683844789e-03  -2.1607073582467461e-02  -2.0263900719864680e-02   2.0172546599001633e-02  -2.4767301754942895e-02  -1.0528343174377255e-02   4.5668485972189969e-04  -1.5556409676570292e-04   1.3467142012438206e-04   5.8248903788081621e-06   3.9517850746652984e-03   4.1939505714124106e-03  -5.8514208233526018e-03   5.1793851601949804e-03   9.5103735268584327e-03   9.0758610895587819e-05  -8.2077442098648138e-04   2.5582462116855980e-03
  -1.2900115027082186e-02  -2.9520613456852002e-04   2.9289916497587932e-02   6.6824682955058973e-02   9.8902200523078715e-03   1.5238417209861129e-02   4.5376028919342899e-02   5.2123598900883368e-02  -2.4767301754942895e-02   4.9216980863297712e-02   2.2867525592292839e-02  -7.7220519723514638e-04   2.2766092173038399e-04  -2.6044191341108980e-04  -1.4520020621208376e-04  -6.3036522449677777e-03  -9.2276969842883111e-03   8.2770860125476325e-03  -7.8115635390760942e-03  -1.4194950115478401e-02  -1.5546961027950891e-04   1.0712748629519828e-03  -1.3913014294745783e-02
  -7.1489336631917260e-03  -4.8030851854524253e-04   1.4532133780922701e-02   3.3274811269713302e-02   4.0974679094328056e-03   7.8727522347213884e-03   2.2390252564727757e-02   2.7843760655644548e-02  -1.0528343174377255e-02   2.2867525592292839e-02   1.4273095139154019e-02  -3.8718754718384559e-04   1.0979472213725434e-04  -1.3259204533686348e-04  -6.8003118535472920e-05  -3.1114678327725000e-03  -5.0855096946619827e-03   2.8233425198671480e-03  -3.8424868634166606e-03  -6.7982717950203992e-03  -7.5271866122222098e-05   4.0435230312068954e-04  -7.8087772764936086e-03
   2.5382812875565517e-04  -2.3696164044826305e-04  -4.1849613670578723e-04  -1.0465696293317840e-03   3.1512920965356798e-04   7.7586993729704913e-05  -5.9186357209674854e-04  -1.7345748991716794e-04   4.5668485972189969e-04  -7.7220519723514638e-04  -3.8718754718384559e-04   1.0826124103605831e-03  -3.9700909209372542e-06   2.5231640516062298e-05   1.5690389138221711e-05   2.7495215919114081e-04   8.6843763303401993e-05  -4.6558141508975480e-05   3.1514263152351943e-04   5.5549597676773335e-04   1.7404341960710235e-05  -7.2956535407158141e-05   7.2964401878300850e-06
  -4.8067243945913226e-05  -2.7140242127927220e-05   9.5873006028309316e-05   3.0371649897704950e-04   4.6524241278870551e-05   1.1596897428507014e-04   1.8848014884077758e-04   2.4075973417658696e-04  -1.5556409676570292e-04   2.2766092173038399e-04   1.0979472213725434e-04  -3.9700909209372542e-06   1.0306152752256720e-03  -6.4989867485149625e-07   1.2502657135768906e-05  -5.9614137231132908e-06  -3.4936010262266689e-05   4.4443679601154101e-05  -2.9545967187863659e-05  -6.3176000337351532e-05   3.1281895552726009e-06  -1.9087694940458076e-05  -4.5898819264247473e-05
   8.8527490949545925e-05  -1.2157826498928733e-04  -1.4049766180856819e-04  -3.5229989981302101e-04   1.7074298363260778e-04   4.7877369015700290e-05  -1.8856934882206566e-04  -1.9629067257353930e-05   1.3467142012438206e-04  -2.6044191341108980e-04  -1.3259204533686348e-04   2.5231640516062298e-05  -6.4989867485149625e-07   1.0114988006481207e-03   1.3559119839289692e-06   9.5640583337327511e-05   1.8128349939108564e-05   6.5424027066562698e-06   1.2296368607507796e-04   2.1865036256080367e-04   5.9163908974899536e-06  -2.3860718435858366e-05   8.1830873202271524e-06
   3.9039630546183873e-05   7.6586062325505286e-05  -1.5143456896510231e-04  -2.0034565078379721e-04  -3.1959496637698086e-04  -9.2754634739569865e-05  -2.2191777264290709e-04  -4.1129986197411584e-04   5.8248903788081621e-06  -1.4520020621208376e-04  -6.8003118535472920e-05   1.5690389138221711e-05   1.2502657135768906e-05   1.3559119839289692e-06   1.0198311219208234e-03  -1.1067584146045179e-05   8.2996582727084593e-05  -8.6653028918590963e-05  -7.5430600491737919e-05  -1.2435667252431434e-04   3.7833623931453580e-06  -6.3312021716798185e-06   1.2009198683947271e-04
   1.9847370095141320e-03  -2.4373814901211292e-03  -3.2543369813977665e-03  -8.7360956978881771e-03   4.5296308660087523e-03   9.6939385812268091e-04  -4.2356461702058815e-03  -1.6752481281676380e-04   3.9517850746652984e-03  -6.3036522449677777e-03  -3.1114678327725000e-03   2.7495215919114081e-04  -5.9614137231132908e-06   9.5640583337327511e-05  -1.1067584146045179e-05   3.5417984823179929e-03   3.7431262608392501e-04   6.7958380502853374e-06   3.1882649093067420e-03   5.7482444899581734e-03   7.1644233443241606e-05  -5.9897107557537930e-04  -1.1072002383291296e-04
   2.9364539950617321e-03   2.7021438187961621e-03  -6.5358847316165725e-03  -1.4188272268819770e-02  -6.0731180123091578e-03  -5.7429182185330862e-03  -1.0250778973771928e-02  -1.7175856486392482e-02   4.1939505714124106e-03  -9.2276969842883111e-03  -5.0855096946619827e-03   8.6843763303401993e-05  -3.4936010262266689e-05   1.8128349939108564e-05   8.2996582727084593e-05   3.7431262608392501e-04   4.8185397695959661e-03  -2.0730520278623515e-03   1.9360858394562908e-04   3.6715813144132307e-04   8.0786492016657985e-06   4.1865193863299017e-05   4.8933063105870431e-03
  -8.8606597510775215e-04  -3.2216999065347238e-03   5.1838645409715252e-03   1.0993717563901776e-02   8.1542472317704274e-03   4.7801903131665137e-03   8.7509542533155127e-03   1.2237831561062094e-02  -5.8514208233526018e-03   8.2770860125476325e-03   2.8233425198671480e-03  -4.6558141508975480e-05   4.4443679601154101e-05   6.5424027066562698e-06  -8.6653028918590963e-05   6.7958380502853374e-06  -2.0730520278623515e-03   5.4985350783938302e-03   2.7283520974014200e-04   3.0022975399338238e-04   2.5666931120630060e-06  -2.7250925029487940e-05  -2.2826433418882252e-03
   2.4948906985148502e-03  -3.3996881597778655e-03  -3.8308749096375460e-03  -1.0781951775517853e-02   6.8705281391094322e-03   1.2957716423046203e-03  -5.0342939774274172e-03   8.6297648955448527e-04   5.1793851601949804e-03  -7.8115635390760942e-03  -3.8424868634166606e-03   3.1514263152351943e-04  -2.9545967187863659e-05   1.2296368607507796e-04  -7.5430600491737919e-05   3.1882649093067420e-03   1.9360858394562908e-04   2.7283520974014200e-04   5.3894567901123600e-03   7.6672796007799335e-03   8.3424236818254805e-05  -7.4450733430964588e-04  -4.3957141225867938e-04
   4.3759442942786940e-03  -6.0511049036359402e-03  -6.9055044695171359e-03  -1.9508728800013007e-02   1.1928216313947139e-02   2.6270538031130607e-03  -9.0120371222842371e-03   1.6817582236990751e-03   9.5103735268584327e-03  -1.4194950115478401e-02  -6.7982717950203992e-03   5.5549597676773335e-04  -6.3176000337351532e-05   2.1865036256080367e-04  -1.2435667252431434e-04   5.7482444899581734e-03   3.6715813144132307e-04   3.0022975399338238e-04   7.6672796007799335e-03   1.4926938783431910e-02   1.4767430697458262e-04  -1.3632881827238951e-03  -7.9855869336973196e-04
   5.4877368151013767e-05  -8.1920209752342355e-05  -8.6236487826221495e-05  -2.0882170630731213e-04   1.2399903926824945e-04   5.4108910234417758e-05  -1.0626841162841836e-04   3.6763113034739128e-05   9.0758610895587819e-05  -1.5546961027950891e-04  -7.5271866122222098e-05   1.7404341960710235e-05   3.1281895552726009e-06   5.9163908974899536e-06   3.7833623931453580e-06   7.1644233443241606e-05   8.0786492016657985e-06   2.5666931120630060e-06   8.3424236818254805e-05   1.4767430697458262e-04   1.0045549330611697e-03  -2.4254980587559843e-05  -1.2510427421779140e-05
  -3.4432133866567507e-04   6.2615977069691356e-04   6.2866357033037712e-04   1.5120356964190007e-03  -1.2144225714023956e-03  -5.4891796881702498e-04   6.4875228732745919e-04  -7.1526940781135504e-04  -8.2077442098648138e-04   1.0712748629519828e-03   4.0435230312068954e-04  -7.2956535407158141e-05  -1.9087694940458076e-05  -2.3860718435858366e-05  -6.3312021716798185e-06  -5.9897107557537930e-04   4.1865193863299017e-05  -2.7250925029487940e-05  -7.4450733430964588e-04  -1.3632881827238951e-03  -2.4254980587559843e-05   1.3538919242957529e-03   2.4511319947654507e-04
   4.5842945205734342e-03   2.2575424508580093e-03  -1.1566267215712221e-02  -2.1892911708938437e-02  -9.9883645215258308e-03  -8.7221426011366635e-03  -1.6891450294788744e-02  -3.0525047167058492e-02   2.5582462116855980e-03  -1.3913014294745783e-02  -7.8087772764936086e-03   7.2964401878300850e-06  -4.5898819264247473e-05   8.1830873202271524e-06   1.2009198683947271e-04  -1.1072002383291296e-04   4.8933063105870431e-03  -2.2826433418882252e-03  -4.3957141225867938e-04  -7.9855869336973196e-04  -1.2510427421779140e-05   2.4511319947654507e-04   1.2568919522713985e-02