3.856282154971184956e-02 -9.254675695138579045e-03 -2.034754171062935421e-02 -5.862640581011885343e-02 2.938916550691388421e-02 3.647915068439969849e-02 -9.080182233056995804e-04 -9.169383592524687002e-03 -2.320196735551346631e-02 -2.568772390498384392e-02 -1.998157523330695157e-03 1.101743231329000046e-02 8.607744098884794089e-04 2.299171960678285734e-02 3.739919909705331433e-03 3.268613273557051217e-03 -3.796043299198804000e-03 2.754788179747859160e-03 1.025854770892912528e-03 7.365815958357529135e-03 1.170840593877860982e-03 4.347486503964082043e-05 1.458483205445864350e-01
-9.254675695138579045e-03 5.374627123501295872e-03 5.922656488285661137e-03 1.641271180107662861e-02 -6.495560361003656705e-03 -9.480654243700602918e-03 2.253418906811807427e-04 2.937679890543697277e-03 3.632603167293487964e-03 4.605412519763660631e-04 9.503640011758835923e-04 -3.163012864224019373e-03 1.449936973691839590e-03 -6.576426757149246745e-03 -1.976273621788433908e-04 -1.659861653535219103e-04 6.729282547264497233e-04 -2.787591664789459446e-03 3.584067167223830186e-04 -6.274300099100825218e-04 -1.316294037081674508e-04 -2.321438401956790995e-05 -4.161642652328386566e-02
-2.034754171062935421e-02 5.922656488285661137e-03 1.250887546367744282e-02 3.273587347497426692e-02 -1.559113081362658096e-02 -2.004828134272136284e-02 4.809679554682084091e-04 5.273575237817092372e-03 1.165500224886225310e-02 1.124089299068554287e-02 1.260078805258363875e-03 -6.147094637561425177e-03 2.760178052974856340e-04 -1.287425563435749994e-02 -1.719073116765735751e-03 -1.474440818036725637e-03 1.935317890996642986e-03 -2.442561815943849590e-03 -2.565797489503632593e-04 -3.451055278479771976e-03 -5.601365487083269628e-04 -2.984383255388037498e-05 -8.168790437003846383e-02
-5.862640581011885343e-02 1.641271180107662861e-02 3.273587347497426692e-02 9.490100833063526420e-02 -4.537094767529657041e-02 -5.769690002452258770e-02 1.344530779552770674e-03 1.502072157546973340e-02 3.462536091794884974e-02 3.455311632629227969e-02 3.524240741922719973e-03 -1.759551880476951241e-02 3.356092284954952077e-04 -3.688020364443989757e-02 -5.164297945500896311e-03 -4.477776362105980769e-03 5.587276231136468867e-03 -6.391814297806272700e-03 -9.829723371077084271e-04 -1.041872821731158229e-02 -1.677323775911954791e-03 -8.089502109694021162e-05 -2.338660792897990781e-01
2.938916550691388421e-02 -6.495560361003656705e-03 -1.559113081362658096e-02 -4.537094767529657041e-02 2.462360917119882017e-02 2.851487447912354548e-02 -6.072158015495274144e-04 -6.998892679444976457e-03 -1.904907846215366310e-02 -2.264649138143954091e-02 -1.335200278794672606e-03 8.471085463109061242e-03 1.288176468792185878e-03 1.776297973281641338e-02 3.209359318741722856e-03 2.806790565476735728e-03 -3.156696084735210669e-03 1.275575465771088728e-03 1.044331257068383196e-03 6.234605552722993944e-03 9.740256486619210509e-04 2.908544187711443796e-05 1.125082532981419026e-01
3.647915068439969849e-02 -9.480654243700602918e-03 -2.004828134272136284e-02 -5.769690002452258770e-02 2.851487447912354548e-02 3.679358043203584394e-02 -8.343075937994884816e-04 -9.122730836950039557e-03 -2.231252593763148259e-02 -2.362854040282856907e-02 -2.013528657760700613e-03 1.078505450702528165e-02 4.006182658166188709e-04 2.260428362914728220e-02 3.477941967926814672e-03 3.010817267644569969e-03 -3.565662436720196723e-03 3.211918156255754234e-03 8.365630960160591644e-04 6.912612131207149582e-03 1.099143142160356962e-03 4.591638163789783702e-05 1.435352594322919784e-01
-9.080182233056995804e-04 2.253418906811807427e-04 4.809679554682084091e-04 1.344530779552770674e-03 -6.072158015495274144e-04 -8.343075937994884816e-04 1.118785354788980274e-03 2.062649121767582024e-04 4.750482566926179494e-04 5.639897095797980061e-04 3.687681879607079149e-05 -2.554154425030847860e-04 -3.892852815047379201e-05 -5.261235734488650846e-04 -9.479290817720745145e-05 -7.104751643984081526e-05 7.521730747160340288e-05 -7.318547995438366184e-05 -1.908382985983465201e-05 -1.610153648189661902e-04 -2.744969298911548091e-05 -8.735867400188761912e-07 -3.418507544495012328e-03
-9.169383592524687002e-03 2.937679890543697277e-03 5.273575237817092372e-03 1.502072157546973340e-02 -6.998892679444976457e-03 -9.122730836950039557e-03 2.062649121767582024e-04 3.630554423883236483e-03 5.141267789196608817e-03 4.254671809333841932e-03 6.360847170854900309e-04 -2.834896235992509766e-03 4.329175315843549875e-04 -5.998065303459558170e-03 -6.692100067944049347e-04 -5.709291462333562295e-04 7.645787458970767668e-04 -1.381285608410613014e-03 -6.220904163464091195e-05 -1.419019197153498918e-03 -2.333273672331149812e-04 -1.521725024663747204e-05 -3.752369835887706118e-02
-2.320196735551346631e-02 3.632603167293487964e-03 1.165500224886225310e-02 3.462536091794884974e-02 -1.904907846215366310e-02 -2.231252593763148259e-02 4.750482566926179494e-04 5.141267789196608817e-03 1.862317339241104097e-02 2.144033710036940751e-02 9.509447414952844520e-04 -6.243353510214736009e-03 -1.862660215514467740e-03 -1.327385342888465387e-02 -2.951837371755477654e-03 -2.668946989659878519e-03 2.160915675053489467e-03 9.372292026408778813e-05 -1.300123655538662666e-03 -5.927933752033166456e-03 -9.015370587175027548e-04 -1.630366603968474187e-05 -8.500926078011944442e-02
-2.568772390498384392e-02 4.605412519763660631e-04 1.124089299068554287e-02 3.455311632629227969e-02 -2.264649138143954091e-02 -2.362854040282856907e-02 5.639897095797980061e-04 4.254671809333841932e-03 2.144033710036940751e-02 3.677221342133456250e-02 -1.129732447498000344e-04 -6.439837610417478188e-03 -5.771861738571623657e-03 -1.323043304401974249e-02 -4.723329663801577143e-03 -4.146621263075164592e-03 3.783463176333270398e-03 4.537030409662566079e-03 -2.504376545546527656e-03 -8.495734947193377129e-03 -1.261037142045816307e-03 8.632821799644449501e-06 -8.386729918279350882e-02
-1.998157523330695157e-03 9.503640011758835923e-04 1.260078805258363875e-03 3.524240741922719973e-03 -1.335200278794672606e-03 -2.013528657760700613e-03 3.687681879607079149e-05 6.360847170854900309e-04 9.509447414952844520e-04 -1.129732447498000344e-04 1.369525843072550699e-03 -6.880452703162894023e-04 3.959232574833261749e-04 -1.432860186387472940e-03 -2.078128686169402584e-05 -4.516639237466650456e-05 3.455322502829153894e-05 -7.267773448783678997e-04 6.341934297431921675e-05 -1.642878352938260717e-04 -3.614933177398673114e-05 -5.113998348288058134e-06 -8.863971403867151530e-03
1.101743231329000046e-02 -3.163012864224019373e-03 -6.147094637561425177e-03 -1.759551880476951241e-02 8.471085463109061242e-03 1.078505450702528165e-02 -2.554154425030847860e-04 -2.834896235992509766e-03 -6.243353510214736009e-03 -6.439837610417478188e-03 -6.880452703162894023e-04 4.440280307756164745e-03 -2.971572865163607749e-05 6.981981668889606849e-03 9.563077844105613437e-04 8.333368242637585440e-04 -1.127552431544324128e-03 1.196405903433050586e-03 1.855000616417925641e-04 1.913362053650976939e-03 3.132357340669636057e-04 1.436224557942398971e-05 4.393790103955934334e-02
8.607744098884794089e-04 1.449936973691839590e-03 2.760178052974856340e-04 3.356092284954952077e-04 1.288176468792185878e-03 4.006182658166188709e-04 -3.892852815047379201e-05 4.329175315843549875e-04 -1.862660215514467740e-03 -5.771861738571623657e-03 3.959232574833261749e-04 -2.971572865163607749e-05 2.615021497068497399e-03 -2.344159240481284039e-04 7.243978307142162707e-04 6.344298748463775717e-04 -5.023154460918787456e-04 -1.803641280549234810e-03 5.230706438974604610e-04 1.123786224762930806e-03 1.600720902331891472e-04 -1.030708304517035630e-05 -1.350669367922977112e-03
2.299171960678285734e-02 -6.576426757149246745e-03 -1.287425563435749994e-02 -3.688020364443989757e-02 1.776297973281641338e-02 2.260428362914728220e-02 -5.261235734488650846e-04 -5.998065303459558170e-03 -1.327385342888465387e-02 -1.323043304401974249e-02 -1.432860186387472940e-03 6.981981668889606849e-03 -2.344159240481284039e-04 1.570179014674380133e-02 1.981095593343069113e-03 1.694443360202750343e-03 -2.231110053083806572e-03 2.589281015655953231e-03 3.571079087997230928e-04 3.981576120639892732e-03 6.424006590807684793e-04 3.163432131434190962e-05 9.187572818156485022e-02
3.739919909705331433e-03 -1.976273621788433908e-04 -1.719073116765735751e-03 -5.164297945500896311e-03 3.209359318741722856e-03 3.477941967926814672e-03 -9.479290817720745145e-05 -6.692100067944049347e-04 -2.951837371755477654e-03 -4.723329663801577143e-03 -2.078128686169402584e-05 9.563077844105613437e-04 7.243978307142162707e-04 1.981095593343069113e-03 1.685836604187978529e-03 5.601621864264374464e-04 -5.083590106399943137e-04 -5.013692326637194437e-04 3.082461569050527284e-04 1.144773351791746963e-03 1.737234240092802454e-04 -3.959452297017926840e-07 1.255902691556779437e-02
3.268613273557051217e-03 -1.659861653535219103e-04 -1.474440818036725637e-03 -4.477776362105980769e-03 2.806790565476735728e-03 3.010817267644569969e-03 -7.104751643984081526e-05 -5.709291462333562295e-04 -2.668946989659878519e-03 -4.146621263075164592e-03 -4.516639237466650456e-05 8.333368242637585440e-04 6.344298748463775717e-04 1.694443360202750343e-03 5.601621864264374464e-04 1.543319014800580494e-03 -4.317106282071523390e-04 -4.303643924922497216e-04 3.011376874334914110e-04 1.033307726154293399e-03 1.682610654823660646e-04 -5.229528391529555512e-07 1.088827592548811778e-02
-3.796043299198804000e-03 6.729282547264497233e-04 1.935317890996642986e-03 5.587276231136468867e-03 -3.156696084735210669e-03 -3.565662436720196723e-03 7.521730747160340288e-05 7.645787458970767668e-04 2.160915675053489467e-03 3.783463176333270398e-03 3.455322502829153894e-05 -1.127552431544324128e-03 -5.023154460918787456e-04 -2.231110053083806572e-03 -5.083590106399943137e-04 -4.317106282071523390e-04 1.704834436925315062e-03 2.003038558639066383e-04 -1.746193992005891328e-04 -8.478331168639875477e-04 -1.318141261877590355e-04 -1.653010603385283862e-06 -1.395537773240994664e-02
2.754788179747859160e-03 -2.787591664789459446e-03 -2.442561815943849590e-03 -6.391814297806272700e-03 1.275575465771088728e-03 3.211918156255754234e-03 -7.318547995438366184e-05 -1.381285608410613014e-03 9.372292026408778813e-05 4.537030409662566079e-03 -7.267773448783678997e-04 1.196405903433050586e-03 -1.803641280549234810e-03 2.589281015655953231e-03 -5.013692326637194437e-04 -4.303643924922497216e-04 2.003038558639066383e-04 3.585606027498954365e-03 -5.648880075856179414e-04 -6.466652608507878451e-04 -7.182566635064126161e-05 1.687803190353787293e-05 1.652390774158134235e-02
1.025854770892912528e-03 3.584067167223830186e-04 -2.565797489503632593e-04 -9.829723371077084271e-04 1.044331257068383196e-03 8.365630960160591644e-04 -1.908382985983465201e-05 -6.220904163464091195e-05 -1.300123655538662666e-03 -2.504376545546527656e-03 6.341934297431921675e-05 1.855000616417925641e-04 5.230706438974604610e-04 3.571079087997230928e-04 3.082461569050527284e-04 3.011376874334914110e-04 -1.746193992005891328e-04 -5.648880075856179414e-04 1.249423956032952830e-03 5.813252430111026095e-04 8.601186448581339260e-05 -2.799728024987324125e-06 2.243731112799651674e-03
7.365815958357529135e-03 -6.274300099100825218e-04 -3.451055278479771976e-03 -1.041872821731158229e-02 6.234605552722993944e-03 6.912612131207149582e-03 -1.610153648189661902e-04 -1.419019197153498918e-03 -5.927933752033166456e-03 -8.495734947193377129e-03 -1.642878352938260717e-04 1.913362053650976939e-03 1.123786224762930806e-03 3.981576120639892732e-03 1.144773351791746963e-03 1.033307726154293399e-03 -8.478331168639875477e-04 -6.466652608507878451e-04 5.813252430111026095e-04 3.191653422166964606e-03 3.301820802576687741e-04 1.393255576366943212e-06 2.540947039553232562e-02
1.170840593877860982e-03 -1.316294037081674508e-04 -5.601365487083269628e-04 -1.677323775911954791e-03 9.740256486619210509e-04 1.099143142160356962e-03 -2.744969298911548091e-05 -2.333273672331149812e-04 -9.015370587175027548e-04 -1.261037142045816307e-03 -3.614933177398673114e-05 3.132357340669636057e-04 1.600720902331891472e-04 6.424006590807684793e-04 1.737234240092802454e-04 1.682610654823660646e-04 -1.318141261877590355e-04 -7.182566635064126161e-05 8.601186448581339260e-05 3.301820802576687741e-04 1.054723163160842291e-03 2.711947957158708069e-07 4.102696570784678497e-03
4.347486503964082043e-05 -2.321438401956790995e-05 -2.984383255388037498e-05 -8.089502109694021162e-05 2.908544187711443796e-05 4.591638163789783702e-05 -8.735867400188761912e-07 -1.521725024663747204e-05 -1.630366603968474187e-05 8.632821799644449501e-06 -5.113998348288058134e-06 1.436224557942398971e-05 -1.030708304517035630e-05 3.163432131434190962e-05 -3.959452297017926840e-07 -5.229528391529555512e-07 -1.653010603385283862e-06 1.687803190353787293e-05 -2.799728024987324125e-06 1.393255576366943212e-06 2.711947957158708069e-07 1.000887703357420050e-03 2.052876127984670687e-04
1.458483205445864350e-01 -4.161642652328386566e-02 -8.168790437003846383e-02 -2.338660792897990781e-01 1.125082532981419026e-01 1.435352594322919784e-01 -3.418507544495012328e-03 -3.752369835887706118e-02 -8.500926078011944442e-02 -8.386729918279350882e-02 -8.863971403867151530e-03 4.393790103955934334e-02 -1.350669367922977112e-03 9.187572818156485022e-02 1.255902691556779437e-02 1.088827592548811778e-02 -1.395537773240994664e-02 1.652390774158134235e-02 2.243731112799651674e-03 2.540947039553232562e-02 4.102696570784678497e-03 2.052876127984670687e-04 5.846893102380384954e-01
