   4.5143621858578136e-03  -2.5467267263088664e-02   5.1797485737396561e-03   2.1354451190329405e-02   2.4196257883678768e-02  -9.6271176191927137e-03   1.4352833522170707e-03  -7.5012148293875508e-03   1.8176064255640851e-05  -3.2668214561462545e-03  -7.0879606348026236e-03   4.0727738507862702e-07  -7.2574944548246245e-05   6.9391292153112081e-04   1.5770423981807375e-05  -3.4245560642228051e-05   7.1925095935724123e-03   6.6857039850424177e-03  -4.2024253522576419e-04   6.9794469036784366e-04   1.8320054457199920e-05  -1.1841985058851276e-04  -1.9881177910518314e-03
  -2.5467267263088664e-02   1.3476551471877851e+00  -1.5415450233721589e-01  -1.0384462792963292e+00  -1.3592335754842575e+00   4.5811171535795842e-01  -3.1783736207344865e-01   3.0243378249228420e-01   7.6747406266657915e-04   2.4180544330828088e-01   3.5181402673115664e-01   6.4100195677827302e-04   3.9940871473133372e-03   2.6534562201083293e-03  -2.5374783214371383e-03   1.1280193130133646e-03  -7.2679343904828597e-01  -3.6427233394163083e-01   1.2796973165763795e-02  -6.9740288994362323e-03  -7.2274720260638678e-04  -1.9710825186313860e-03  -2.5127719209114295e-02
   5.1797485737396561e-03  -1.5415450233721589e-01   1.5153570007179359e-01   1.3200704512262151e-01   1.4768256737425556e-01   2.6385712009265993e-02   7.8000379712207718e-02  -4.5620034897441833e-02   2.0053510250969637e-04  -4.0403055231545325e-02   2.9788623560148764e-02   2.3423200870205564e-04  -3.8578295632101986e-04   5.4528665017259514e-03   1.3966088936483959e-04  -2.3398476326002727e-04   1.6650267922474926e-01   5.0609799454568734e-02   6.1968905454972399e-04   2.6079077048968380e-03   1.4125862118464551e-04  -1.3174339937486420e-03   1.6097188172915357e-03
   2.1354451190329405e-02  -1.0384462792963292e+00   1.3200704512262151e-01   8.2599756402545821e-01   1.0604459382179876e+00  -3.4426157462275619e-01   2.5481987086309604e-01  -2.4084216598800789e-01  -5.3117278343835499e-04  -1.7436213890872082e-01  -2.4288161676823269e-01  -6.0553371763215802e-04  -3.0917487272897597e-03  -9.4910323157480834e-04   2.0354155658171696e-03  -8.0411699705779615e-04   5.6528097112036768e-01   2.9605836870807067e-01  -1.0618748187237627e-02   6.0425182226297352e-03   5.1431010428408259e-04   3.5763314682605561e-03   7.9857130036741532e-03
   2.4196257883678768e-02  -1.3592335754842575e+00   1.4768256737425556e-01   1.0604459382179876e+00   1.4463738557064783e+00  -4.3132563552428616e-01   3.9329106166472627e-01  -3.1416936014305441e-01  -8.6648872295488444e-04  -2.3549234132583374e-01  -3.2502992795193125e-01  -1.1608882382998465e-03  -3.9782353771094401e-03  -6.3099135570491485e-03   3.1739248013474925e-03  -8.5523378442449590e-04   8.4684593152736209e-01   4.2746885332748019e-01  -1.3241552962674276e-02   4.2457967874485686e-03   5.3623623072346143e-04   1.1547933660760528e-02   2.7371476333163669e-02
  -9.6271176191927137e-03   4.5811171535795842e-01   2.6385712009265993e-02  -3.4426157462275619e-01  -4.3132563552428616e-01   2.3851864845370357e-01  -3.0250229021829448e-02   9.3451421288487699e-02   3.9827098504242821e-04   7.4993166557601743e-02   1.8160280019952474e-01   1.4065287042594568e-04   1.4534747636718189e-03   2.7605101767129393e-03  -7.0866425358009476e-04   4.0101761095157426e-04  -1.1084867312303989e-01  -8.2964260607805429e-02   5.8942194300046023e-03  -2.3664953993943324e-03  -3.0243868492436910e-04   2.5094214447640151e-03  -1.4246674318894605e-03
   1.4352833522170707e-03  -3.1783736207344865e-01   7.8000379712207718e-02   2.5481987086309604e-01   3.9329106166472627e-01  -3.0250229021829448e-02   1.8844771604138641e-01  -8.0752357202940425e-02  -1.8040703442852445e-04  -5.6064514562983593e-02  -2.4378548734734700e-02  -5.5557740887624896e-04  -8.1511863098749162e-04  -2.4654321684929579e-03   1.1583341092124754e-03  -4.7305127740262387e-05   3.5484835219840988e-01   1.5584694665388585e-01  -1.8298747073312760e-03  -1.0264369162519143e-03   8.3520946392808509e-07   9.2669811012758545e-03   1.7512846951110026e-02
  -7.5012148293875508e-03   3.0243378249228420e-01  -4.5620034897441833e-02  -2.4084216598800789e-01  -3.1416936014305441e-01   9.3451421288487699e-02  -8.0752357202940425e-02   7.4507860129807812e-02   1.3843487523713146e-04   4.9403408009403127e-02   6.6326731653012491e-02   2.2558245944302512e-04   8.8283261980062235e-04   1.4940989442105551e-04  -6.2807938554651954e-04   2.1265625279914526e-04  -1.7755698461376837e-01  -9.1528643500544446e-02   3.1288279825314610e-03  -1.9517951305893452e-03  -1.3022980323282451e-04  -1.9731634095179243e-03  -2.2051487641168948e-03
   1.8176064255640851e-05   7.6747406266657915e-04   2.0053510250969637e-04  -5.3117278343835499e-04  -8.6648872295488444e-04   3.9827098504242821e-04  -1.8040703442852445e-04   1.3843487523713146e-04   1.0035133648436385e-03   1.1854763768066346e-04   3.2800041896166262e-04   1.1167234754883860e-06   4.8871952493042496e-06   6.2284033711447698e-05  -3.4149425547383426e-06  -3.5931144897177535e-07  -4.0114619238753712e-04  -2.3724397123125971e-04   1.7322914612882349e-05   5.0756330932224510e-06  -3.2531994386293301e-08  -2.2464773852911893e-05  -6.1512007547473812e-05
  -3.2668214561462545e-03   2.4180544330828088e-01  -4.0403055231545325e-02  -1.7436213890872082e-01  -2.3549234132583374e-01   7.4993166557601743e-02  -5.6064514562983593e-02   4.9403408009403127e-02   1.1854763768066346e-04   6.2408457441816979e-02   6.7869578140919901e-02  -1.4638868904989866e-05   7.3123167835378183e-04  -1.6115479840224481e-04  -3.3812015449057026e-04   2.8074931518041904e-04  -1.4086151551604500e-01  -5.6174689296784368e-02   8.1793823487126137e-04  -5.5285399608333101e-04  -1.7241278484498101e-04   1.7655166959019309e-03  -1.1057561503530421e-02
  -7.0879606348026236e-03   3.5181402673115664e-01   2.9788623560148764e-02  -2.4288161676823269e-01  -3.2502992795193125e-01   1.8160280019952474e-01  -2.4378548734734700e-02   6.6326731653012491e-02   3.2800041896166262e-04   6.7869578140919901e-02   1.6490308453031868e-01   2.0573481813868836e-05   1.1162427001082558e-03   2.4308517862317884e-03  -4.7528148067371668e-04   3.4371781569580203e-04  -9.8235211053811416e-02  -5.6320445395766118e-02   3.6840963580134869e-03  -1.5027082222957983e-03  -2.6512490828492572e-04   3.4736983242580504e-03  -1.3558811348163450e-02
   4.0727738507862702e-07   6.4100195677827302e-04   2.3423200870205564e-04  -6.0553371763215802e-04  -1.1608882382998465e-03   1.4065287042594568e-04  -5.5557740887624896e-04   2.2558245944302512e-04   1.1167234754883860e-06  -1.4638868904989866e-05   2.0573481813868836e-05   1.0291957267196754e-03  -3.8675380902352953e-06   7.1932712576026615e-05   1.1638997920102373e-06   5.3100066303496113e-07  -8.8218929129615367e-04  -5.7535466767075672e-04   1.1590153612324286e-05   2.9716572457506533e-05   7.0600491692164933e-06  -1.4879164672910631e-04   1.4061475135774771e-05
  -7.2574944548246245e-05   3.9940871473133372e-03  -3.8578295632101986e-04  -3.0917487272897597e-03  -3.9782353771094401e-03   1.4534747636718189e-03  -8.1511863098749162e-04   8.8283261980062235e-04   4.8871952493042496e-06   7.3123167835378183e-04   1.1162427001082558e-03  -3.8675380902352953e-06   1.0489136478745483e-03  -1.9849219694500411e-05  -3.0480174285625213e-06   4.6869765820639079e-06  -1.9645000020838020e-03  -1.0264394548333688e-03   3.3598480358354296e-05  -3.2245459827747934e-05  -2.2374603950430286e-06   4.9911916500185874e-05  -7.0929352813264428e-05
   6.9391292153112081e-04   2.6534562201083293e-03   5.4528665017259514e-03  -9.4910323157480834e-04  -6.3099135570491485e-03   2.7605101767129393e-03  -2.4654321684929579e-03   1.4940989442105551e-04   6.2284033711447698e-05  -1.6115479840224481e-04   2.4308517862317884e-03   7.1932712576026615e-05  -1.9849219694500411e-05   2.5835360484627490e-03  -7.0066155417134826e-05  -2.1566055568223566e-05  -4.0107864694676346e-03  -2.6001299738342069e-03   2.7204122963976076e-04   2.7503853957798935e-04   2.0395356229535643e-05  -9.6908860076093601e-04  -1.1763965923145610e-03
   1.5770423981807375e-05  -2.5374783214371383e-03   1.3966088936483959e-04   2.0354155658171696e-03   3.1739248013474925e-03  -7.0866425358009476e-04   1.1583341092124754e-03  -6.2807938554651954e-04  -3.4149425547383426e-06  -3.3812015449057026e-04  -4.7528148067371668e-04   1.1638997920102373e-06  -3.0480174285625213e-06  -7.0066155417134826e-05   1.0280771665041684e-03   7.9817424323627469e-06   2.1882364896306360e-03   1.1274326359562100e-03  -7.5614897128922608e-05  -3.2383604806984312e-05   6.0763991612267977e-07   1.4500171803904382e-04   8.4380762758279893e-05
  -3.4245560642228051e-05   1.1280193130133646e-03  -2.3398476326002727e-04  -8.0411699705779615e-04  -8.5523378442449590e-04   4.0101761095157426e-04  -4.7305127740262387e-05   2.1265625279914526e-04  -3.5931144897177535e-07   2.8074931518041904e-04   3.4371781569580203e-04   5.3100066303496113e-07   4.6869765820639079e-06  -2.1566055568223566e-05   7.9817424323627469e-06   1.0270291798630995e-03  -3.4708921086513581e-04  -1.2033834522756734e-04   1.1161001272321933e-05  -8.4421526187039294e-06  -1.3138294909356892e-06   7.9973475340566430e-05  -2.3012912954765920e-05
   7.1925095935724123e-03  -7.2679343904828597e-01   1.6650267922474926e-01   5.6528097112036768e-01   8.4684593152736209e-01  -1.1084867312303989e-01   3.5484835219840988e-01  -1.7755698461376837e-01  -4.0114619238753712e-04  -1.4086151551604500e-01  -9.8235211053811416e-02  -8.8218929129615367e-04  -1.9645000020838020e-03  -4.0107864694676346e-03   2.1882364896306360e-03  -3.4708921086513581e-04   7.0793990473930579e-01   3.0595131183046809e-01  -4.0104956789419393e-03  -5.9666357573877522e-04   1.5019567463082269e-04   1.3718417317632002e-02   3.8066825547232765e-02
   6.6857039850424177e-03  -3.6427233394163083e-01   5.0609799454568734e-02   2.9605836870807067e-01   4.2746885332748019e-01  -8.2964260607805429e-02   1.5584694665388585e-01  -9.1528643500544446e-02  -2.3724397123125971e-04  -5.6174689296784368e-02  -5.6320445395766118e-02  -5.7535466767075672e-04  -1.0264394548333688e-03  -2.6001299738342069e-03   1.1274326359562100e-03  -1.2033834522756734e-04   3.0595131183046809e-01   1.5714344822561208e-01  -3.6979351054798278e-03   7.0191908994072681e-04   4.2766509211698974e-05   8.0037679971844133e-03   6.3861963068281699e-03
  -4.2024253522576419e-04   1.2796973165763795e-02   6.1968905454972399e-04  -1.0618748187237627e-02  -1.3241552962674276e-02   5.8942194300046023e-03  -1.8298747073312760e-03   3.1288279825314610e-03   1.7322914612882349e-05   8.1793823487126137e-04   3.6840963580134869e-03   1.1590153612324286e-05   3.3598480358354296e-05   2.7204122963976076e-04  -7.5614897128922608e-05   1.1161001272321933e-05  -4.0104956789419393e-03  -3.6979351054798278e-03   1.9168830954772779e-03  -3.2805375289539970e-04  -2.9158689007538396e-06  -3.6584144264961813e-04   4.0938581155168280e-04
   6.9794469036784366e-04  -6.9740288994362323e-03   2.6079077048968380e-03   6.0425182226297352e-03   4.2457967874485686e-03  -2.3664953993943324e-03  -1.0264369162519143e-03  -1.9517951305893452e-03   5.0756330932224510e-06  -5.5285399608333101e-04  -1.5027082222957983e-03   2.9716572457506533e-05  -3.2245459827747934e-05   2.7503853957798935e-04  -3.2383604806984312e-05  -8.4421526187039294e-06  -5.9666357573877522e-04   7.0191908994072681e-04  -3.2805375289539970e-04   1.9702146922362090e-03   1.5315099170816326e-05  -5.4619913732900660e-04  -7.9581096462407678e-04
   1.8320054457199920e-05  -7.2274720260638678e-04   1.4125862118464551e-04   5.1431010428408259e-04   5.3623623072346143e-04  -3.0243868492436910e-04   8.3520946392808509e-07  -1.3022980323282451e-04  -3.2531994386293301e-08  -1.7241278484498101e-04  -2.6512490828492572e-04   7.0600491692164933e-06  -2.2374603950430286e-06   2.0395356229535643e-05   6.0763991612267977e-07  -1.3138294909356892e-06   1.5019567463082269e-04   4.2766509211698974e-05  -2.9158689007538396e-06   1.5315099170816326e-05   1.0025937321018091e-03  -5.0325465956303554e-05   1.9223738715155936e-05
  -1.1841985058851276e-04  -1.9710825186313860e-03  -1.3174339937486420e-03   3.5763314682605561e-03   1.1547933660760528e-02   2.5094214447640151e-03   9.2669811012758545e-03  -1.9731634095179243e-03  -2.2464773852911893e-05   1.7655166959019309e-03   3.4736983242580504e-03  -1.4879164672910631e-04   4.9911916500185874e-05  -9.6908860076093601e-04   1.4500171803904382e-04   7.9973475340566430e-05   1.3718417317632002e-02   8.0037679971844133e-03  -3.6584144264961813e-04  -5.4619913732900660e-04  -5.0325465956303554e-05   3.4566927851491292e-03  -8.4405776199392740e-05
  -1.9881177910518314e-03  -2.5127719209114295e-02   1.6097188172915357e-03   7.9857130036741532e-03   2.7371476333163669e-02  -1.4246674318894605e-03   1.7512846951110026e-02  -2.2051487641168948e-03  -6.1512007547473812e-05  -1.1057561503530421e-02  -1.3558811348163450e-02   1.4061475135774771e-05  -7.0929352813264428e-05  -1.1763965923145610e-03   8.4380762758279893e-05  -2.3012912954765920e-05   3.8066825547232765e-02   6.3861963068281699e-03   4.0938581155168280e-04  -7.9581096462407678e-04   1.9223738715155936e-05  -8.4405776199392740e-05   1.2071937972705421e-02
