   3.3312128085077148e+00   1.1437670039459374e-02   2.6212138299527664e-04   1.4833365660840021e-02   3.7502921028336056e-01   6.4585162279319686e-01
   1.1437670039459374e-02   1.2438483400388986e-03   8.8545233104282757e-05   7.3466127715992747e-05  -2.8234575237232523e-04   5.9046061188275838e-03
   2.6212138299527664e-04   8.8545233104282757e-05   1.0523215405226611e-03  -2.6280164228492561e-06  -5.2426864086903182e-04   1.1340430976347993e-03
   1.4833365660840021e-02   7.3466127715992747e-05  -2.6280164228492561e-06   1.0860109028518793e-03   1.3112044105645726e-03   3.4301037378516946e-03
   3.7502921028336056e-01  -2.8234575237232523e-04  -5.2426864086903182e-04   1.3112044105645726e-03   6.0320414801118730e-02   5.2388264181876192e-02
   6.4585162279319686e-01   5.9046061188275838e-03   1.1340430976347993e-03   3.4301037378516946e-03   5.2388264181876192e-02   1.1244339353524030e+01
