   6.8182046611157077e+01  -1.8111762530665267e+00   1.8302848542439998e-01   2.9344717724914808e+00   2.5355668928195213e-01  -1.7762118074748605e+00   2.9110331722434291e-01   1.2132658871925470e+00   7.0542574751768353e-02
  -1.8111762530665267e+00   1.2511617482924558e+01  -1.3538398192409273e-02  -2.1321120269280572e-01  -4.4107427515032854e-02   6.8577083400415917e-01  -8.1153875347831694e-02   7.8138839470123685e-03  -4.3454067858672354e-02
   1.8302848542439998e-01  -1.3538398192409273e-02   1.9005646845942693e-03   1.4325952250444047e-02   1.0885529562032054e-03  -4.1254766305613881e-03   1.1390381085160366e-03  -9.5424120396581059e-04  -3.2260035717892547e-04
   2.9344717724914808e+00  -2.1321120269280572e-01   1.4325952250444047e-02   7.7126830064401064e+00   3.6176824845286790e-03   8.2151347239878503e-01   2.1531104045813421e-02  -2.9224213945288617e-02  -3.8289595242626588e-02
   2.5355668928195213e-01  -4.4107427515032854e-02   1.0885529562032054e-03   3.6176824845286790e-03   2.6945642858658041e-03  -5.1241059634308112e-03   1.4701150410018789e-03   1.8707527328245456e-04   8.3244124205267603e-05
  -1.7762118074748605e+00   6.8577083400415917e-01  -4.1254766305613881e-03   8.2151347239878503e-01  -5.1241059634308112e-03   7.8038278241834096e+00  -2.2159724455501358e-02  -3.8077567440392319e-02   1.2649055275043978e-03
   2.9110331722434291e-01  -8.1153875347831694e-02   1.1390381085160366e-03   2.1531104045813421e-02   1.4701150410018789e-03  -2.2159724455501358e-02   3.4390568992779696e-03   8.6818214032154128e-04  -2.1320486936804618e-04
   1.2132658871925470e+00   7.8138839470123685e-03  -9.5424120396581059e-04  -2.9224213945288617e-02   1.8707527328245456e-04  -3.8077567440392319e-02   8.6818214032154128e-04   8.6177271121682317e-02   6.5445786520963280e-03
   7.0542574751768353e-02  -4.3454067858672354e-02  -3.2260035717892547e-04  -3.8289595242626588e-02   8.3244124205267603e-05   1.2649055275043978e-03  -2.1320486936804618e-04   6.5445786520963280e-03   1.6127355918359920e-01
