   6.2429753812518669e+00  -1.4120233098868484e-01   4.6958544176209982e-02   1.3997087156460625e-01   3.0942959406604905e-02   7.6969412864071918e-01   4.8041839035426623e-02   4.9798536586687497e-01   3.3300780580800021e-01
  -1.4120233098868484e-01   2.2347014762579525e+00   3.7783680037895050e-03   5.9351706724030495e-01  -4.8275146776725219e-04   1.1937987094308438e+00  -9.3878732797420764e-03  -5.0407424129332960e-02   2.4226282728099201e-02
   4.6958544176209982e-02   3.7783680037895050e-03   2.2894915654133896e-03   1.5149377164838419e-02   7.0776537287813187e-04  -1.2035016787389969e-03   6.8903542728471722e-04  -1.4826799949520736e-03   3.8244280063899719e-04
   1.3997087156460625e-01   5.9351706724030495e-01   1.5149377164838419e-02   3.1916073755282253e+00   1.5015762960853276e-03   2.3785199150505767e-01   4.5834549902560480e-03  -4.7140410981313531e-02  -1.6955579742110827e-01
   3.0942959406604905e-02  -4.8275146776725219e-04   7.0776537287813187e-04   1.5015762960853276e-03   1.4296562731265243e-03  -7.9819654977045340e-05   4.0591340672840832e-04  -2.6551447597928654e-04   6.8527273064971348e-04
   7.6969412864071918e-01   1.1937987094308438e+00  -1.2035016787389969e-03   2.3785199150505767e-01  -7.9819654977045340e-05   6.1103289070298699e+00  -9.3894176992124021e-03   8.0563718832577513e-02  -5.0212104420581917e-02
   4.8041839035426623e-02  -9.3878732797420764e-03   6.8903542728471722e-04   4.5834549902560480e-03   4.0591340672840832e-04  -9.3894176992124021e-03   1.6845464361294840e-03   1.5451335648030357e-03   1.7734195321356557e-03
   4.9798536586687497e-01  -5.0407424129332960e-02  -1.4826799949520736e-03  -4.7140410981313531e-02  -2.6551447597928654e-04   8.0563718832577513e-02   1.5451335648030357e-03   7.8904000706083263e-02   3.5528295229282497e-02
   3.3300780580800021e-01   2.4226282728099201e-02   3.8244280063899719e-04  -1.6955579742110827e-01   6.8527273064971348e-04  -5.0212104420581917e-02   1.7734195321356557e-03   3.5528295229282497e-02   2.1315985588234314e+00
