   5.1061903101867114e-03  -1.9202154355789539e-02  -5.5617147288367684e-03  -7.6046078344103891e-03   2.2250131461008685e-02   1.1407347372963155e-02   7.9837321139923547e-05  -1.1656927259327123e-02  -1.4861414280665389e-03   2.9160811737265240e-02   1.1044928069931604e-05   2.5680366849997640e-04   3.9009239280970979e-05   4.0293333804954779e-04  -1.4648683067142900e-04   2.9538641389845148e-06  -6.0653028433321321e-04   1.1558411337645360e-03   1.6964086282058022e-05   1.6264302582903479e-04   2.8466346769027401e-05  -5.9677753210881976e-05   1.8457407222542153e-02
  -1.9202154355789539e-02   5.6828957420470019e+00  -2.4054281860793254e+00   7.2148387943874381e-01  -2.8545957407524525e+00  -5.0059068696149893e-02   2.6508298102832722e-01   3.2315708044201208e-01   2.2995722708192315e-01  -1.2570485943632406e+00  -2.9149451057417222e-03  -8.8825390087055353e-02  -5.2277176799431450e-03  -4.5560877487634210e-02  -2.6951091950827202e-03  -2.2282192995017130e-02   3.8019114636256512e+00  -3.0765259014621854e-01   6.2420360760481065e-03   4.3455456324455313e-02  -2.7542382125364984e-03  -4.0645013007108190e-03  -2.3100201570162010e-01
  -5.5617147288367684e-03  -2.4054281860793254e+00   1.1745197765776374e+00  -2.4951123809039497e-01   1.1253009813618582e+00  -7.6336028268118597e-02  -1.2997338820520199e-01  -7.4755534871903256e-03  -9.9880074085467771e-02   2.3345503088398742e-01   1.2676207300121223e-03   3.8528690700422391e-02   2.0473909480756619e-03   1.7489055006126641e-02   2.3957965795418819e-03   9.5307034072745784e-03  -1.7413554993699738e+00   1.1691402402304096e-01  -3.2953304442770491e-03  -2.2303854158829062e-02   9.7953173478456746e-04   2.8313668876533259e-03  -1.0766874896514776e-01
  -7.6046078344103891e-03   7.2148387943874381e-01  -2.4951123809039497e-01   1.1943792403889497e-01  -3.9966499918881843e-01  -4.3062871505819868e-02   2.7299254221225852e-02   9.2943267824506626e-02   2.9574625675824806e-02  -2.7333913332804383e-01  -3.0525464865576639e-04  -1.1043185054110432e-02  -6.8715274485745155e-04  -6.5251285324174641e-03   1.6816345804714417e-04  -2.8439928287148273e-03   4.3757933515716541e-01  -4.0580045373626548e-02   5.9759226448976189e-04   4.5401401318767888e-03  -4.0605249041375562e-04  -2.3036981640555060e-04  -1.0445128930291581e-01
   2.2250131461008685e-02  -2.8545957407524525e+00   1.1253009813618582e+00  -3.9966499918881843e-01   1.5193765605745868e+00   8.4728296252506191e-02  -1.2248475753337938e-01  -2.5101024319550852e-01  -1.0850825653195673e-01   8.0945444901427999e-01   1.4043790506737977e-03   4.4215356911436882e-02   2.5504774860753998e-03   2.3048044737276167e-02   5.0746837770173497e-04   1.0735925847204718e-02  -1.8342578539570227e+00   1.5852713356610706e-01  -2.9542108492414086e-03  -2.0098498363219367e-02   1.4918413967540990e-03   1.4153693349220320e-03   2.3241421995110986e-01
   1.1407347372963155e-02  -5.0059068696149893e-02  -7.6336028268118597e-02  -4.3062871505819868e-02   8.4728296252506191e-02   8.7334971736040934e-02   5.9494853614284107e-03  -6.7485870461124017e-02  -9.4354963656978035e-03   1.9745185571376772e-01   1.4665381956117401e-04   2.0264519224803598e-04   2.7553082043030801e-04   2.3154897526222276e-03  -8.7676258178956737e-04   2.3940390615069377e-04   5.5256205102812816e-02   1.0599513472093472e-02   4.1190188136474448e-04   2.5021896591887658e-03   1.4761002458486464e-04  -6.3181002047616158e-04   1.4066527753971073e-01
   7.9837321139923547e-05   2.6508298102832722e-01  -1.2997338820520199e-01   2.7299254221225852e-02  -1.2248475753337938e-01   5.9494853614284107e-03   1.6909019043812066e-02  -4.6299394061268574e-03   1.3157916327388162e-02  -2.0940535225301871e-02  -1.6467287230388891e-04  -4.4361476991859787e-03  -2.3004167504239321e-04  -2.1021895894583168e-03  -2.5957342700749862e-04  -1.1090615188666625e-03   1.9277347706583173e-01  -1.2122294159261313e-02   3.3391707240538267e-04   2.4651185868068909e-03  -9.5615363118021544e-05  -3.3835912763103686e-04   1.3204127313269722e-02
  -1.1656927259327123e-02   3.2315708044201208e-01  -7.4755534871903256e-03   9.2943267824506626e-02  -2.5101024319550852e-01  -6.7485870461124017e-02  -4.6299394061268574e-03   1.6340966094436876e-01  -3.8935006554357307e-03  -3.4519689475912646e-01   9.1989730462348706e-05  -4.1912454064752863e-03  -1.5139188007098908e-04  -2.5387234430430494e-03   9.4797947893841600e-04  -9.7185092783462837e-04   1.0486162922440381e-01  -2.9416787092649225e-02   1.2753360568665099e-05   1.8244869545833544e-04  -3.0969709054797141e-04   5.5045527253679612e-04  -1.8654729010913865e-01
  -1.4861414280665389e-03   2.2995722708192315e-01  -9.9880074085467771e-02   2.9574625675824806e-02  -1.0850825653195673e-01  -9.4354963656978035e-03   1.3157916327388162e-02  -3.8935006554357307e-03   2.1061165204545110e-02  -3.8154613809526262e-02  -1.9366332372906854e-04  -3.5916087969920661e-03  -4.2933549658604771e-04  -3.0818474524900892e-03  -9.4696785323048984e-05  -9.5518311599765914e-04   1.6003042868987508e-01  -9.0181397997788244e-03   1.9894098142774082e-04   1.4800260980254809e-03  -1.1030101594609964e-04  -1.1737385806929520e-04  -5.5862147921262595e-03
   2.9160811737265240e-02  -1.2570485943632406e+00   2.3345503088398742e-01  -2.7333913332804383e-01   8.0945444901427999e-01   1.9745185571376772e-01  -2.0940535225301871e-02  -3.4519689475912646e-01  -3.8154613809526262e-02   8.9067723244734986e-01   3.7747762308581155e-04   1.7748638554396998e-02   1.2800111494057447e-03   1.2653764066831812e-02  -1.9813491027430735e-03   4.6443902594827304e-03  -5.8523921751750607e-01   9.5462404591581729e-02  -2.9589033168595018e-04  -2.9504586956462979e-03   9.6866990290752969e-04  -1.0663577096611675e-03   4.6322144580601837e-01
   1.1044928069931604e-05  -2.9149451057417222e-03   1.2676207300121223e-03  -3.0525464865576639e-04   1.4043790506737977e-03   1.4665381956117401e-04  -1.6467287230388891e-04   9.1989730462348706e-05  -1.9366332372906854e-04   3.7747762308581155e-04   1.0336501837098697e-03   4.8273996835751540e-05   3.9815000061335671e-06   2.2934564626863677e-05   2.2319865259671868e-06   2.2169264021485153e-05  -1.9785157847534780e-03   1.6627747820335725e-04   1.7770088981666810e-05   8.1895624333984645e-05   1.6380843981382341e-06  -1.6415409606561551e-05   5.5649558863474482e-05
   2.5680366849997640e-04  -8.8825390087055353e-02   3.8528690700422391e-02  -1.1043185054110432e-02   4.4215356911436882e-02   2.0264519224803598e-04  -4.4361476991859787e-03  -4.1912454064752863e-03  -3.5916087969920661e-03   1.7748638554396998e-02   4.8273996835751540e-05   2.4970753259663031e-03   6.0239650498528717e-05   6.9492365034803949e-04   4.9318329018199768e-05   3.5566093927135844e-04  -6.0370469063517999e-02   4.6474111310407951e-03  -9.4607196109166962e-05  -7.1145332966243539e-04   3.9695631481811000e-05   7.2262778923158240e-05   2.3522486805754592e-03
   3.9009239280970979e-05  -5.2277176799431450e-03   2.0473909480756619e-03  -6.8715274485745155e-04   2.5504774860753998e-03   2.7553082043030801e-04  -2.3004167504239321e-04  -1.5139188007098908e-04  -4.2933549658604771e-04   1.2800111494057447e-03   3.9815000061335671e-06   6.0239650498528717e-05   1.0312560324449351e-03   8.5564800031596007e-05   8.7441408355368171e-06   2.2084081202809651e-05  -3.4192749590990423e-03   2.5647559781066142e-04  -6.1786771601101312e-06  -2.3022319514609863e-05   4.6998671938025879e-06  -1.5444132710858978e-05   3.6583212950140880e-04
   4.0293333804954779e-04  -4.5560877487634210e-02   1.7489055006126641e-02  -6.5251285324174641e-03   2.3048044737276167e-02   2.3154897526222276e-03  -2.1021895894583168e-03  -2.5387234430430494e-03  -3.0818474524900892e-03   1.2653764066831812e-02   2.2934564626863677e-05   6.9492365034803949e-04   8.5564800031596007e-05   1.5984320792444672e-03   5.6206194412513017e-06   1.8328633163021280e-04  -2.9516793298136126e-02   2.2883106475793140e-03  -3.8280195654717511e-05  -2.8054348867722668e-04   2.5813269031320450e-05   1.2789352808633869e-05   4.0685106632393142e-03
  -1.4648683067142900e-04  -2.6951091950827202e-03   2.3957965795418819e-03   1.6816345804714417e-04   5.0746837770173497e-04  -8.7676258178956737e-04  -2.5957342700749862e-04   9.4797947893841600e-04  -9.4696785323048984e-05  -1.9813491027430735e-03   2.2319865259671868e-06   4.9318329018199768e-05   8.7441408355368171e-06   5.6206194412513017e-06   1.0356559789089510e-03   4.6833457884564978e-05  -2.8693274974039970e-03   5.2934571849063814e-05  -1.1130700263957921e-05  -7.9352004669685911e-05   7.3863648053089758e-07   1.9202623772090177e-05  -1.6973098442521078e-03
   2.9538641389845148e-06  -2.2282192995017130e-02   9.5307034072745784e-03  -2.8439928287148273e-03   1.0735925847204718e-02   2.3940390615069377e-04  -1.1090615188666625e-03  -9.7185092783462837e-04  -9.5518311599765914e-04   4.6443902594827304e-03   2.2169264021485153e-05   3.5566093927135844e-04   2.2084081202809651e-05   1.8328633163021280e-04   4.6833457884564978e-05   1.3422825153567800e-03  -1.5002729910590124e-02   1.3043850007753964e-03   1.1907715487176034e-06  -3.3370088357212219e-04   6.7827394216069805e-06   1.4000903910698292e-04   6.5816846567982672e-04
  -6.0653028433321321e-04   3.8019114636256512e+00  -1.7413554993699738e+00   4.3757933515716541e-01  -1.8342578539570227e+00   5.5256205102812816e-02   1.9277347706583173e-01   1.0486162922440381e-01   1.6003042868987508e-01  -5.8523921751750607e-01  -1.9785157847534780e-03  -6.0370469063517999e-02  -3.4192749590990423e-03  -2.9516793298136126e-02  -2.8693274974039970e-03  -1.5002729910590124e-02   2.6698791833418536e+00  -1.8960594785958326e-01   4.7393612162912021e-03   3.2437519408591936e-02  -1.6747485537677487e-03  -3.5817122722507848e-03   2.3733398704105728e-02
   1.1558411337645360e-03  -3.0765259014621854e-01   1.1691402402304096e-01  -4.0580045373626548e-02   1.5852713356610706e-01   1.0599513472093472e-02  -1.2122294159261313e-02  -2.9416787092649225e-02  -9.0181397997788244e-03   9.5462404591581729e-02   1.6627747820335725e-04   4.6474111310407951e-03   2.5647559781066142e-04   2.2883106475793140e-03   5.2934571849063814e-05   1.3043850007753964e-03  -1.8960594785958326e-01   2.5388378383024091e-02  -2.5056102831430132e-04  -1.7971188720044054e-03   1.6817616449002856e-04   1.9040407982128923e-04   3.3063246864421893e-02
   1.6964086282058022e-05   6.2420360760481065e-03  -3.2953304442770491e-03   5.9759226448976189e-04  -2.9542108492414086e-03   4.1190188136474448e-04   3.3391707240538267e-04   1.2753360568665099e-05   1.9894098142774082e-04  -2.9589033168595018e-04   1.7770088981666810e-05  -9.4607196109166962e-05  -6.1786771601101312e-06  -3.8280195654717511e-05  -1.1130700263957921e-05   1.1907715487176034e-06   4.7393612162912021e-03  -2.5056102831430132e-04   1.0660484011859209e-03   1.1434060792823528e-04  -2.3877236052119158e-06  -1.9861795113104008e-05   5.5246676529504104e-04
   1.6264302582903479e-04   4.3455456324455313e-02  -2.2303854158829062e-02   4.5401401318767888e-03  -2.0098498363219367e-02   2.5021896591887658e-03   2.4651185868068909e-03   1.8244869545833544e-04   1.4800260980254809e-03  -2.9504586956462979e-03   8.1895624333984645e-05  -7.1145332966243539e-04  -2.3022319514609863e-05  -2.8054348867722668e-04  -7.9352004669685911e-05  -3.3370088357212219e-04   3.2437519408591936e-02  -1.7971188720044054e-03   1.1434060792823528e-04   2.1760513022148036e-03  -9.2311866186453334e-06  -2.5980910600569137e-04   3.4967628348668849e-03
   2.8466346769027401e-05  -2.7542382125364984e-03   9.7953173478456746e-04  -4.0605249041375562e-04   1.4918413967540990e-03   1.4761002458486464e-04  -9.5615363118021544e-05  -3.0969709054797141e-04  -1.1030101594609964e-04   9.6866990290752969e-04   1.6380843981382341e-06   3.9695631481811000e-05   4.6998671938025879e-06   2.5813269031320450e-05   7.3863648053089758e-07   6.7827394216069805e-06  -1.6747485537677487e-03   1.6817616449002856e-04  -2.3877236052119158e-06  -9.2311866186453334e-06   1.0030110836446947e-03  -6.6619141445281625e-06   3.6096094946389158e-04
  -5.9677753210881976e-05  -4.0645013007108190e-03   2.8313668876533259e-03  -2.3036981640555060e-04   1.4153693349220320e-03  -6.3181002047616158e-04  -3.3835912763103686e-04   5.5045527253679612e-04  -1.1737385806929520e-04  -1.0663577096611675e-03  -1.6415409606561551e-05   7.2262778923158240e-05  -1.5444132710858978e-05   1.2789352808633869e-05   1.9202623772090177e-05   1.4000903910698292e-04  -3.5817122722507848e-03   1.9040407982128923e-04  -1.9861795113104008e-05  -2.5980910600569137e-04  -6.6619141445281625e-06   1.1910114963854157e-03  -1.2669125835750355e-03
   1.8457407222542153e-02  -2.3100201570162010e-01  -1.0766874896514776e-01  -1.0445128930291581e-01   2.3241421995110986e-01   1.4066527753971073e-01   1.3204127313269722e-02  -1.8654729010913865e-01  -5.5862147921262595e-03   4.6322144580601837e-01   5.5649558863474482e-05   2.3522486805754592e-03   3.6583212950140880e-04   4.0685106632393142e-03  -1.6973098442521078e-03   6.5816846567982672e-04   2.3733398704105728e-02   3.3063246864421893e-02   5.5246676529504104e-04   3.4967628348668849e-03   3.6096094946389158e-04  -1.2669125835750355e-03   2.9855809951517231e-01
