1.811625094554158155e-01 9.829596537771044529e-02 2.204381292721238339e-01 9.240177954069231370e-02 -2.044333918444130385e-02 1.556262870575919888e-01 -1.731283336761007263e-01 -6.183445272183104441e-02 1.742890060817753328e-02 2.274816431419404983e-01 -1.159119929433318485e-01 1.457840880399427497e-01 8.151822437781430786e-02 -1.054302054444507392e-01 2.094821008729428891e-01 5.931671642247517660e-03 1.176451765178431266e-03 2.033565726658699991e-03 1.567820441668601366e-03 -9.844214024950205533e-03 3.246790608554899881e-03 -1.751694989975308364e-03 -9.458167821470714332e-01
9.829596537771044529e-02 5.499414765175948683e-02 1.201490549246436168e-01 5.116255490224209945e-02 -1.165918853383961923e-02 8.531042730588649092e-02 -9.537261729590025550e-02 -3.370936476824123312e-02 9.097491882379189765e-03 1.250981584734084384e-01 -6.330231276030534593e-02 7.960568981473292727e-02 4.436059201921123407e-02 -5.773739700069369790e-02 1.149786218270438670e-01 3.590660806376482807e-03 6.571299405498730144e-04 1.208944978261794695e-03 9.486708233042606860e-04 -5.285942536666307819e-03 1.929799112357663375e-03 -9.686024085833877658e-04 -5.171412580913141710e-01
2.204381292721238339e-01 1.201490549246436168e-01 2.712275451708753282e-01 1.128532610287864002e-01 -2.460284655049624694e-02 1.905491770255089978e-01 -2.114307298393591494e-01 -7.578022527063180136e-02 2.161328455980811997e-02 2.783788351196483379e-01 -1.420773719095885235e-01 1.785883625328804625e-01 1.001139874561274429e-01 -1.291813296029740710e-01 2.562153470912117981e-01 7.152797391565505515e-03 1.432351259776549340e-03 2.472281267657235135e-03 1.935771384853014884e-03 -1.197300600069530797e-02 3.916634242744770032e-03 -2.122671169507022153e-03 -1.157910793823376361e+00
9.240177954069231370e-02 5.116255490224209945e-02 1.128532610287864002e-01 5.110885387866365148e-02 -1.154604310189699841e-02 8.136820644537609559e-02 -9.143419302520025549e-02 -3.158946515855538817e-02 7.337179964830136888e-03 1.200697736981671399e-01 -5.973844763239966743e-02 7.519377114190942124e-02 4.171540639169208503e-02 -5.528293853918602591e-02 1.098476917030612870e-01 4.059418798485537640e-03 7.427088077299958627e-04 1.351862446087092728e-03 1.189430687936824261e-03 -4.602580591222393304e-03 2.140869532682064796e-03 -9.746986394664369129e-04 -4.886952948622519388e-01
-2.044333918444130385e-02 -1.165918853383961923e-02 -2.460284655049624694e-02 -1.154604310189699841e-02 4.721402702459253503e-03 -1.801395705697483515e-02 2.124959656958203685e-02 6.950695895296431399e-03 -1.189841131052320330e-03 -2.727080780226578960e-02 1.310041166544192136e-02 -1.665460616508814343e-02 -8.855948673876776200e-03 1.214387635085113250e-02 -2.465161482668063939e-02 -1.377249420415742028e-03 -1.310312048608231427e-04 -4.260235486282868268e-04 -3.493103806583559932e-04 9.672140170133322438e-04 -6.701853322632661709e-04 1.681432956406276940e-04 1.085927222767219952e-01
1.556262870575919888e-01 8.531042730588649092e-02 1.905491770255089978e-01 8.136820644537609559e-02 -1.801395705697483515e-02 1.366089177923804909e-01 -1.509334379602326748e-01 -5.342217909106152657e-02 1.422104072849615652e-02 1.987011697371040553e-01 -1.004152420439550636e-01 1.262979969177651651e-01 7.059619671726999335e-02 -9.198357935069391422e-02 1.824692640772034025e-01 5.643444527126917701e-03 1.118252954981263257e-03 1.930225505268981208e-03 1.604599058665195487e-03 -8.205826923588479399e-03 3.048834102598515020e-03 -1.542423241442960041e-03 -8.197373571505368606e-01
-1.731283336761007263e-01 -9.537261729590025550e-02 -2.114307298393591494e-01 -9.143419302520025549e-02 2.124959656958203685e-02 -1.509334379602326748e-01 1.704185781512973508e-01 5.933848800528972178e-02 -1.516704363897972661e-02 -2.220592413495030282e-01 1.116053290965262623e-01 -1.404216827423389047e-01 -7.798757123116900614e-02 1.022762066797941044e-01 -2.036370007684888128e-01 -6.882728001006624755e-03 -1.224893329055205728e-03 -2.303543059752950328e-03 -1.891143642061464403e-03 9.043397683986414276e-03 -3.655937226543117327e-03 1.712423089859033002e-03 9.124699004945572289e-01
-6.183445272183104441e-02 -3.370936476824123312e-02 -7.578022527063180136e-02 -3.158946515855538817e-02 6.950695895296431399e-03 -5.342217909106152657e-02 5.933848800528972178e-02 2.249196530879611633e-02 -6.221200926900160438e-03 -7.796739851495838869e-02 3.987854819352378011e-02 -5.001811566495280997e-02 -2.800216895921783453e-02 3.606829494947028092e-02 -7.176576169558333829e-02 -1.964912639835106421e-03 -4.373234880821220147e-04 -6.846158742130619302e-04 -5.572990723941914767e-04 3.344107570023399385e-03 -1.097636719761255295e-03 6.074009715689898843e-04 3.248223080201722013e-01
1.742890060817753328e-02 9.097491882379189765e-03 2.161328455980811997e-02 7.337179964830136888e-03 -1.189841131052320330e-03 1.422104072849615652e-02 -1.516704363897972661e-02 -6.221200926900160438e-03 3.988136277734049065e-03 2.001406749097760229e-02 -1.124963921574773269e-02 1.383278779836856140e-02 8.028409143263678938e-03 -9.413537171415371080e-03 1.881470973718794848e-02 -3.808282551850743994e-05 2.558921302136746095e-05 1.244171616982336888e-05 -7.470896108557008634e-05 -1.212888701519187866e-03 2.941344214775898217e-05 -1.173914598418824147e-04 -8.971469119329590625e-02
2.274816431419404983e-01 1.250981584734084384e-01 2.783788351196483379e-01 1.200697736981671399e-01 -2.727080780226578960e-02 1.987011697371040553e-01 -2.220592413495030282e-01 -7.796739851495838869e-02 2.001406749097760229e-02 2.933435334216999424e-01 -1.469148778421672241e-01 1.848947841947669868e-01 1.030655764240817202e-01 -1.349356297221952772e-01 2.677020338751095463e-01 8.947418037715744107e-03 1.624235956841945001e-03 3.024741063134444349e-03 2.542321937800456812e-03 -1.176063264763552163e-02 4.748193288613243926e-03 -2.176099196904903756e-03 -1.199888553913970757e+00
-1.159119929433318485e-01 -6.330231276030534593e-02 -1.420773719095885235e-01 -5.973844763239966743e-02 1.310041166544192136e-02 -1.004152420439550636e-01 1.116053290965262623e-01 3.987854819352378011e-02 -1.124963921574773269e-02 -1.469148778421672241e-01 7.602339613198798307e-02 -9.393642816120996442e-02 -5.260773898806490184e-02 6.805537228047635334e-02 -1.350119184761914282e-01 -3.925383821439208491e-03 -7.254241521928420002e-04 -1.341852490848798388e-03 -1.057387032571296915e-03 6.244424290346026023e-03 -2.121518884070246452e-03 1.087635899324002195e-03 6.094946280909084857e-01
1.457840880399427497e-01 7.960568981473292727e-02 1.785883625328804625e-01 7.519377114190942124e-02 -1.665460616508814343e-02 1.262979969177651651e-01 -1.404216827423389047e-01 -5.001811566495280997e-02 1.383278779836856140e-02 1.848947841947669868e-01 -9.393642816120996442e-02 1.193075727898285365e-01 6.618259857443692384e-02 -8.572786866808140838e-02 1.699701763132004384e-01 4.966520319744485538e-03 9.730668066633430804e-04 1.708140063345444477e-03 1.369402375015145272e-03 -7.828421611773441272e-03 2.695573885810924331e-03 -1.400799883204941355e-03 -7.664680103542711453e-01
8.151822437781430786e-02 4.436059201921123407e-02 1.001139874561274429e-01 4.171540639169208503e-02 -8.855948673876776200e-03 7.059619671726999335e-02 -7.798757123116900614e-02 -2.800216895921783453e-02 8.028409143263678938e-03 1.030655764240817202e-01 -5.260773898806490184e-02 6.618259857443692384e-02 3.837210178325598658e-02 -4.801473306333534780e-02 9.483457947901256790e-02 2.583127070410693067e-03 5.311455280340531254e-04 9.083413620107675095e-04 7.345917305684526721e-04 -4.398828215000168303e-03 1.412040589644727182e-03 -7.901930097887868753e-04 -4.284167491635074154e-01
-1.054302054444507392e-01 -5.773739700069369790e-02 -1.291813296029740710e-01 -5.528293853918602591e-02 1.214387635085113250e-02 -9.198357935069391422e-02 1.022762066797941044e-01 3.606829494947028092e-02 -9.413537171415371080e-03 -1.349356297221952772e-01 6.805537228047635334e-02 -8.572786866808140838e-02 -4.801473306333534780e-02 6.368536780814341991e-02 -1.237973988327149555e-01 -3.877534368911431106e-03 -7.436467712900463045e-04 -1.330635381340922315e-03 -1.124603075642006608e-03 5.479642614335072243e-03 -2.074794581235925740e-03 1.052950020306000350e-03 5.555837770488026850e-01
2.094821008729428891e-01 1.149786218270438670e-01 2.562153470912117981e-01 1.098476917030612870e-01 -2.465161482668063939e-02 1.824692640772034025e-01 -2.036370007684888128e-01 -7.176576169558333829e-02 1.881470973718794848e-02 2.677020338751095463e-01 -1.350119184761914282e-01 1.699701763132004384e-01 9.483457947901256790e-02 -1.237973988327149555e-01 2.469740241943332859e-01 7.780216058547617664e-03 1.492337415100269092e-03 2.637992885193177466e-03 2.164139294725004204e-03 -1.108715056563358559e-02 4.183638261105657001e-03 -2.101356413271322082e-03 -1.103300811842100382e+00
5.931671642247517660e-03 3.590660806376482807e-03 7.152797391565505515e-03 4.059418798485537640e-03 -1.377249420415742028e-03 5.643444527126917701e-03 -6.882728001006624755e-03 -1.964912639835106421e-03 -3.808282551850743994e-05 8.947418037715744107e-03 -3.925383821439208491e-03 4.966520319744485538e-03 2.583127070410693067e-03 -3.877534368911431106e-03 7.780216058547617664e-03 1.857385496525454675e-03 4.573330631334538620e-05 2.571513124206532635e-04 2.338007795359157623e-04 -1.290242637331569394e-04 3.906391952155567442e-04 -4.936496651281079484e-05 -3.253588542367957803e-02
1.176451765178431266e-03 6.571299405498730144e-04 1.432351259776549340e-03 7.427088077299958627e-04 -1.310312048608231427e-04 1.118252954981263257e-03 -1.224893329055205728e-03 -4.373234880821220147e-04 2.558921302136746095e-05 1.624235956841945001e-03 -7.254241521928420002e-04 9.730668066633430804e-04 5.311455280340531254e-04 -7.436467712900463045e-04 1.492337415100269092e-03 4.573330631334538620e-05 1.076259357778625719e-03 2.422926439338251092e-05 5.214854409318931555e-05 -1.882367456528266319e-05 4.962794877459225450e-05 -3.254736641502221694e-05 -6.341374611217221249e-03
2.033565726658699991e-03 1.208944978261794695e-03 2.472281267657235135e-03 1.351862446087092728e-03 -4.260235486282868268e-04 1.930225505268981208e-03 -2.303543059752950328e-03 -6.846158742130619302e-04 1.244171616982336888e-05 3.024741063134444349e-03 -1.341852490848798388e-03 1.708140063345444477e-03 9.083413620107675095e-04 -1.330635381340922315e-03 2.637992885193177466e-03 2.571513124206532635e-04 2.422926439338251092e-05 1.090116843205956145e-03 8.694280544541126306e-05 -3.720789552134119602e-05 1.177847895248108272e-04 -1.592346791224257896e-05 -1.113328910673902321e-02
1.567820441668601366e-03 9.486708233042606860e-04 1.935771384853014884e-03 1.189430687936824261e-03 -3.493103806583559932e-04 1.604599058665195487e-03 -1.891143642061464403e-03 -5.572990723941914767e-04 -7.470896108557008634e-05 2.542321937800456812e-03 -1.057387032571296915e-03 1.369402375015145272e-03 7.345917305684526721e-04 -1.124603075642006608e-03 2.164139294725004204e-03 2.338007795359157623e-04 5.214854409318931555e-05 8.694280544541126306e-05 1.125170825272389262e-03 4.087115501054148039e-05 1.112641313255607206e-04 -2.470127352818402621e-05 -8.850703130784284139e-03
-9.844214024950205533e-03 -5.285942536666307819e-03 -1.197300600069530797e-02 -4.602580591222393304e-03 9.672140170133322438e-04 -8.205826923588479399e-03 9.043397683986414276e-03 3.344107570023399385e-03 -1.212888701519187866e-03 -1.176063264763552163e-02 6.244424290346026023e-03 -7.828421611773441272e-03 -4.398828215000168303e-03 5.479642614335072243e-03 -1.108715056563358559e-02 -1.290242637331569394e-04 -1.882367456528266319e-05 -3.720789552134119602e-05 4.087115501054148039e-05 1.767134108630042744e-03 -8.517805170520389676e-05 7.639998668208804156e-05 5.092891568868986030e-02
3.246790608554899881e-03 1.929799112357663375e-03 3.916634242744770032e-03 2.140869532682064796e-03 -6.701853322632661709e-04 3.048834102598515020e-03 -3.655937226543117327e-03 -1.097636719761255295e-03 2.941344214775898217e-05 4.748193288613243926e-03 -2.121518884070246452e-03 2.695573885810924331e-03 1.412040589644727182e-03 -2.074794581235925740e-03 4.183638261105657001e-03 3.906391952155567442e-04 4.962794877459225450e-05 1.177847895248108272e-04 1.112641313255607206e-04 -8.517805170520389676e-05 1.193388738178898087e-03 -3.615907251231129750e-05 -1.766759998469219842e-02
-1.751694989975308364e-03 -9.686024085833877658e-04 -2.122671169507022153e-03 -9.746986394664369129e-04 1.681432956406276940e-04 -1.542423241442960041e-03 1.712423089859033002e-03 6.074009715689898843e-04 -1.173914598418824147e-04 -2.176099196904903756e-03 1.087635899324002195e-03 -1.400799883204941355e-03 -7.901930097887868753e-04 1.052950020306000350e-03 -2.101356413271322082e-03 -4.936496651281079484e-05 -3.254736641502221694e-05 -1.592346791224257896e-05 -2.470127352818402621e-05 7.639998668208804156e-05 -3.615907251231129750e-05 1.097747725732763861e-03 9.157901014418177998e-03
-9.458167821470714332e-01 -5.171412580913141710e-01 -1.157910793823376361e+00 -4.886952948622519388e-01 1.085927222767219952e-01 -8.197373571505368606e-01 9.124699004945572289e-01 3.248223080201722013e-01 -8.971469119329590625e-02 -1.199888553913970757e+00 6.094946280909084857e-01 -7.664680103542711453e-01 -4.284167491635074154e-01 5.555837770488026850e-01 -1.103300811842100382e+00 -3.253588542367957803e-02 -6.341374611217221249e-03 -1.113328910673902321e-02 -8.850703130784284139e-03 5.092891568868986030e-02 -1.766759998469219842e-02 9.157901014418177998e-03 4.974070224008375618e+00
