7.622435198800070921e+00 -9.614839059156466305e+00 7.155723886951140256e-02 -1.256999898113711600e+00 7.007307634251740136e-02 1.577800813170016359e-01 -5.075267859801650683e-02
-9.614839059156466305e+00 1.366350357869474053e+01 -1.051767235506399639e-01 2.565938810035436557e+00 -1.022231291025680749e-01 -1.042386048311303159e-01 1.017005090338999884e-01
7.155723886951140256e-02 -1.051767235506399639e-01 1.933742054833342740e-03 -1.266542627391811435e-02 8.722710835135774393e-04 -6.030710685981370989e-04 -5.460554370412440579e-04
-1.256999898113711600e+00 2.565938810035436557e+00 -1.266542627391811435e-02 7.126289648009640487e+00 -2.131086196972824601e-02 -4.435965086688860304e-02 5.173987804255143763e-02
7.007307634251740136e-02 -1.022231291025680749e-01 8.722710835135774393e-04 -2.131086196972824601e-02 1.865830981490145847e-03 -3.095938474920997070e-04 -6.967368576515346355e-04
1.577800813170016359e-01 -1.042386048311303159e-01 -6.030710685981370989e-04 -4.435965086688860304e-02 -3.095938474920997070e-04 2.901740919039809755e-02 -1.594958509277658075e-03
-5.075267859801650683e-02 1.017005090338999884e-01 -5.460554370412440579e-04 5.173987804255143763e-02 -6.967368576515346355e-04 -1.594958509277658075e-03 1.286170253015695708e-01
